298.2361
297.9971
298.0879
298.2172
298.3979
298.9397
299.8582
300.1683
299.8286
298.1203
298.4893
297.7638
298.0003
299.1852
297.7732
298.2225
298.1377
298.2287
297.0746
298.1411
298.5909
299.1527
299.8524
298.4972
298.3376
297.7178
297.4964
297.6393
298.7729
298.4399
298.9401
298.1489
297.8351
297.0991
298.1283
297.7214
298.8187
298.9028
299.5796
298.8078
297.4179
298.7155
299.1686
299.7532
298.8535
300.1191
299.7264
300.0560
298.8978
299.5314
299.2448
299.4243
298.4561
297.5371
298.2180
298.5811
297.6879
298.3202
299.6200
298.1448
297.3712
298.9892
298.1428
298.6523
298.8549
298.6291
299.3038
299.5424
298.7701
298.5992
298.4121
298.3564
298.0214
298.8996
298.5129
299.4293
299.1058
299.1509
299.6352
297.8791
299.5033
298.6641
299.4001
299.0121
299.5676
299.0744
298.9927
298.9205
299.0172
297.3873
298.5535
296.8837
297.7482
297.7939
297.0302
297.4646
298.0847
297.8781
298.1921
298.4182
298.3992
298.5280
297.8404
297.8440
298.0399
298.2263
297.4602
297.9809
297.8573
296.0119
297.9161
297.8296
297.5174
298.4249
297.3205
298.0636
296.9095
297.1143
297.9981
298.2119
297.9738
299.1045
298.6833
297.5287
298.1199
299.0298
298.0280
298.7881
299.4023
298.3298
298.9350
298.6209
298.4484
298.5844
298.0070
298.8619
299.1743
298.6852
297.6280
300.3235
297.6556
299.5388
299.6054
300.1909
298.1010
298.6687
298.5683
298.8290
297.3640
299.2235
297.4803
298.7139
299.5336
298.9002
297.7577
299.3833
298.4699
299.7112
298.5923
298.7297
298.2783
298.1100
297.9805
298.9047
297.1116
299.3322
298.9905
297.8037
298.5328
297.8693
297.3185
298.5869
297.9597
299.5539
299.6522
299.5925
298.2203
298.1571
298.8197
298.8512
296.9643
298.7663
298.7177
298.0661
298.4861
298.6335
298.3603
297.6689
298.6277
298.3019
298.1605
298.0842
298.8849
297.3702
297.1248
298.6893
298.3449
297.3264
298.9358
297.5197
297.9818
297.2411
298.3930
297.5376
299.0260
299.3029
299.2171
299.3007
299.0407
297.4076
298.6181
298.5407
299.4061
299.9608
298.9693
298.5588
298.6227
298.3987
298.4998
298.6379
297.2993
298.6561
297.7828
296.5526
297.6929
297.3130
297.5256
297.2277
297.9052
298.5987
297.0729
297.2025
297.1119
298.1232
297.5974
296.6571
297.4022
296.9953
298.2353
299.4663
297.4463
298.0428
297.5312
298.9379
297.7361
298.6093
297.1439
298.8460
298.6378
299.1894
300.4963
298.7919
297.4140
297.5090
297.2942
299.3814
297.6140
297.3302
297.8806
297.8479
299.1207
297.8599
296.9680
298.5180
299.5587
298.8300
298.6826
298.9534
298.8077
297.3906
298.4173
297.9556
298.4190
297.8476
297.9342
298.6389
297.8465
298.4600
298.9429
298.3342
297.1055
297.6024
297.3553
296.5354
297.3607
296.6377
297.5501
297.7946
298.1462
298.0388
298.8148
298.0066
298.5841
299.7280
299.4331
299.0335
298.0155
298.8976
298.7613
298.2307
298.0724
297.5435
298.6956
298.7979
297.0141
297.5146
298.8422
298.5983
298.7988
298.4365
298.8852
299.0564
297.3885
298.8560
298.4037
298.1952
297.7962
298.9457
297.7555
297.1450
298.2201
298.6425
297.7012
299.0100
298.8888
297.9409
299.3642
297.9158
299.8859
298.2853
298.3248
298.0417
298.7992
299.1006
298.8659
297.2038
297.2315
297.4733
297.8748
298.1698
297.0507
298.2713
298.0531
299.0958
297.4649
299.3296
299.2378
297.6398
297.6174
298.1959
298.6343
296.6042
296.5758
297.9970
297.7017
298.8180
297.9165
297.3847
297.3800
297.8968
298.8699
298.3807
297.4082
298.0075
297.5325
298.0110
298.4940
298.2102
296.8058
297.0455
296.7966
297.1126
298.2095
296.7437
297.0649
297.7881
298.1638
297.5379
297.6970
298.1821
296.7074
296.7613
298.0277
297.2991
297.3663
297.4678
296.8277
296.9869
297.6979
298.7805
298.0143
297.7833
298.8137
298.2825
297.9796
298.5856
297.7005
298.8433
297.6198
298.2661
298.6962
297.4496
298.3337
298.0910
297.9465
297.8699
297.9601
297.3906
298.7427
299.2422
298.1026
298.3421
298.0051
297.7701
298.3107
296.9571
298.1680
297.9117
297.9627
297.4222
298.1735
299.7672
297.8865
300.2013
299.0166
299.5358
298.8177
299.3534
300.0387
299.9030
299.3444
299.8271
299.0557
299.3779
299.2717
298.7072
300.0291
298.9905
298.8166
298.5216
298.8152
299.5203
298.3364
299.2708
298.1810
298.5816
299.3858
298.1392
298.0418
297.9351
299.5791
299.4616
298.8739
298.3464
299.6538
300.2872
298.5863
299.6196
299.0828
300.4345
299.4987
298.8387
297.9413
298.4456
299.7031
298.6555
299.0519
298.9735
298.3304
297.9692
298.7170
298.8450
299.5488
298.4481
298.2199
299.8441
298.6395
298.0781
298.7593
299.5653
297.8237
298.4057
298.1458
298.1626
297.7692
298.1893
298.8710
299.4008
299.1466
298.9763
298.2828
296.9928
298.7478
298.4932
299.2281
299.1720
298.0547
297.4490
298.5129
298.5474
298.5747
298.2762
299.0136
298.1451
298.6373
299.5938
298.8222
298.9363
300.0098
299.6381
298.3644
299.1262
299.7789
298.7460
298.4517
299.5764
299.0124
298.5524
298.5351
298.6626
298.1326
298.2309
298.2406
298.7806
298.1593
298.2869
297.8481
298.6528
297.5183
297.8986
296.9842
296.6187
298.4024
297.2457
298.3967
294.8328
297.4443
297.5929
297.3434
296.8721
296.3141
297.0776
297.7918
297.7605
297.3355
298.0810
297.6021
297.9159
297.1566
297.6700
296.8777
298.0359
297.5544
299.0821
297.3972
298.3263
298.0957
298.0431
296.5639
297.8671
298.2042
297.2315
298.2272
298.2065
297.6114
297.5988
298.7699
297.8770
297.9212
297.9132
296.8345
296.1277
297.9454
298.5948
297.8963
298.7068
297.3841
297.9212
297.8235
297.9817
299.2786
298.5631
298.8149
298.2495
298.2916
299.0001
297.6415
298.4798
298.2946
298.4612
298.9795
299.8793
299.4948
299.1764
299.5630
299.0313
298.3544
298.6029
298.6393
297.8763
299.7868
298.6350
298.0760
298.9757
300.2921
300.8849
300.0234
299.9944
298.0070
297.2823
298.3029
297.5556
297.5811
299.1472
298.4219
298.0627
297.1984
297.9543
297.7316
298.3962
297.8007
298.2886
297.2143
297.4078
298.1929
297.1230
296.3951
296.2073
298.3938
297.1412
297.4389
298.2263
296.5933
297.4122
297.0518
298.8965
297.6503
297.7039
297.4136
299.0413
297.9568
299.5006
297.5328
298.4124
297.3602
297.2809
298.1341
298.1922
298.3044
298.8094
298.3755
299.2213
298.2698
298.4957
299.1037
299.0217
298.8668
298.6104
298.2942
299.0448
299.8379
298.4634
298.3506
299.4731
297.7456
298.8486
298.8487
298.7642
298.8496
297.9321
297.9242
298.4930
298.1055
299.4665
297.6900
297.3544
298.9915
299.2302
298.0459
299.0165
298.7386
297.6210
298.1145
298.8198
297.5837
299.3007
298.6367
298.1368
297.2773
298.2625
298.9073
297.3684
298.0131
297.3266
298.2713
298.3531
297.3534
298.1573
297.5255
298.5561
297.7667
297.8495
296.9338
297.7395
298.4465
298.1051
298.3204
297.1532
297.7157
296.6824
297.8186
297.8651
298.8121
298.1718
298.1107
297.5644
297.9771
297.2224
298.6327
296.7495
297.7366
297.1729
298.3155
299.2102
299.8191
299.7923
298.8213
297.7287
298.5588
299.0492
298.4103
298.8411
300.6412
299.2573
300.0376
298.0724
299.4617
298.6272
298.1471
298.0957
298.6646
298.7581
298.1180
298.7758
298.4810
298.7734
299.2254
297.0234
297.7926
297.2036
297.5248
298.2104
298.4858
299.2705
298.7776
298.7656
299.3661
297.5876
298.6118
298.3307
298.9268
299.0045
297.2096
298.2530
296.3693
298.4267
298.4660
297.5502
297.7652
298.3364
298.0083
299.0868
298.8145
297.5581
299.6250
298.2742
298.7108
298.1516
298.0358
297.5762
297.5970
298.9962
298.3441
297.4680
297.9269
298.4742
298.0251
298.3160
298.3549
298.1457
296.2372
296.8272
296.9428
297.1480
297.6578
297.7603
297.4046
298.0980
297.6204
298.3551
297.1930
297.4625
296.4849
297.4669
298.4991
298.8708
299.0208
299.1001
297.8888
297.7116
297.2246
298.4157
297.0680
297.8482
297.7157
297.8737
296.8610
297.1277
298.7729
298.3598
298.2085
298.2654
297.7070
298.2681
297.1991
298.2176
298.9831
298.9507
298.6130
298.6687
297.6430
298.1353
297.6582
298.6513
298.5642
298.8863
297.1221
296.9625
296.7419
298.9465
297.2518
298.5586
297.7654
298.8743
297.8530
298.3730
299.0060
299.2719
298.8775
299.8936
297.4373
297.5786
298.0794
299.6351
298.9139
297.8906
297.9215
298.5306
298.3101
297.8879
298.2006
297.0966
297.7175
297.9576
298.3563
296.7978
298.0032
297.5870
297.5487
297.5432
298.3236
298.1981
297.9701
297.2900
298.3261
298.5386
297.7670
297.8002
297.7742
298.1797
298.0627
295.6942
299.1559
298.4252
298.0843
296.9471
297.5889
297.2988
297.9046
298.4061
297.2523
297.6416
296.9059
298.7771
298.6667
298.0696
298.8765
297.9785
297.1411
299.2749
298.0732
298.1144
298.1900
297.2250
298.1945
298.8116
297.8341
297.3300
299.5468
298.8719
297.8633
298.7674
297.1674
298.2972
299.5529
299.1064
298.1070
298.9250
297.1566
299.5666
298.4157
298.0248
297.7868
297.2645
298.6987
298.3794
298.5213
298.8345
297.9352
297.8554
298.4844
297.9550
299.3757
297.7351
299.1372
299.5589
298.6318
298.1544
297.9974
297.6413
298.2980
298.3077
297.7852
298.4526
298.6510
298.4076
297.4579
299.2016
297.8017
298.0053
297.9227
298.1990
299.0493
298.3251
298.5650
298.4253
297.7663
297.6424
297.6562
297.2084
297.0927
296.9957
297.6171
296.4529
296.5578
298.3943
296.5387
297.0218
297.6512
297.3837
297.4311
298.3746
298.4628
297.4302
299.4150
298.9568
296.7886
298.0427
296.5447
298.7226
298.3483
297.8761
298.4744
299.1876
299.5711
298.6248
298.6665
298.6233
299.4789
297.9226
297.9121
299.8209
300.0126
298.4489
298.6324
298.5577
297.4059
297.7976
297.5945
298.6911
297.3659
298.3215
298.8621
298.8825
297.1795
297.8203
297.9973
298.3427
298.3913
297.8422
297.1831
296.6059
297.3094
298.2033
297.7403
297.6263
297.2954
297.1590
297.7824
298.2443
298.2269
297.4614
299.2237
297.9725
298.7643
299.8334
299.0446
298.3321
298.9954
297.3932
299.4385
298.7723
298.3866
297.2334
299.6949
299.5117
298.8372
299.2048
299.1489
298.5675
297.1573
299.2762
297.6501
297.6769
297.4395
298.6927
299.0207
298.5799
297.6355
298.3150
297.1288
298.4836
298.1590
297.9701
296.9081
298.2206
297.3975
298.0090
298.4278
298.8412
299.0733
299.8930
298.9497
298.7402
298.2242
298.9528
299.2129
298.2846
298.3340
297.7861
298.6333
298.7511
298.9985
298.9602
299.9852
298.2794
298.1624
298.1425
299.7947
297.6505
298.2966
298.7430
297.4625
298.4469
298.5274
298.3184
299.2528
298.7082
300.2156
298.0958
298.8762
298.7117
298.6848
297.9804
298.4142
298.1325
298.1097
298.6121
298.3686
299.5525
297.9189
296.5184
298.6656
297.5157
297.7702
297.4184
297.9789
297.8582
297.8734
298.8091
297.2995
297.3724
296.8284
297.7982
298.3880
297.6403
298.2520
297.8739
297.3428
296.8797
296.8563
297.8663
297.8437
297.4053
297.8247
297.2005
298.3588
297.6503
299.2780
296.9586
298.2431
297.4321
297.4178
298.3554
298.9518
299.2817
297.5947
299.2545
298.4753
298.0829
298.9123
297.4132
297.7880
297.4069
298.3081
299.1653
298.6817
298.4351
299.3116
297.4633
297.9158
299.2838
297.1771
299.1068
298.0174
297.6910
299.7484
299.7745
299.3764
297.7821
297.7356
298.1950
298.5603
297.8928
299.4895
297.6061
298.4303
298.1214
298.5266
298.3180
298.8616
299.4312
298.3941
298.7021
299.3303
299.3694
297.3617
298.1419
298.8085
298.7088
297.6458
296.6015
298.7335
296.0734
298.1980
298.5191
297.9941
298.2461
297.7645
296.9706
297.7235
299.2072
298.3819
298.4573
298.8264
298.8395
297.8830
297.8300
297.4656
298.4815
298.0590
298.2744
298.2204
297.6329
298.3425
298.8704
298.4721
298.1253
298.5773
297.4868
298.7551
298.5090
298.2469
297.7156
299.1721
298.3865
297.8567
298.1982
298.3000
298.7222
298.7247
297.9266
298.6048
297.5217
297.6689
299.1901
297.3585
297.8162
297.8704
298.1892
297.5408
296.9727
297.4810
296.7312
297.3454
298.7933
297.0259
298.5301
296.7386
298.9251
297.6581
298.4078
297.0176
298.2097
297.3460
298.8386
298.1127
299.5325
299.3111
298.0514
298.2219
297.6962
297.7984
296.4321
298.0447
296.1624
297.1641
296.6675
296.3344
297.7801
297.7402
297.4006
297.7987
297.7769
297.2628
297.6390
296.4920
296.9041
297.8373
298.6430
298.1606
298.3322
299.2359
298.5204
297.5846
299.2013
299.6770
298.7141
297.9278
298.9326
299.0381
298.1461
297.9455
299.1883
297.7942
297.5231
298.2647
298.3749
297.2825
297.6810
297.9977
297.4743
296.5869
297.4861
298.0449
297.9104
297.9021
298.2447
297.7792
298.7195
298.7440
298.1251
299.4886
298.7976
298.2031
297.6342
297.0279
298.6360
296.6034
298.3758
299.5483
298.3432
298.2544
297.3504
298.5662
297.7388
297.6534
298.5462
297.9050
297.3403
298.5427
297.7029
298.4402
298.0119
299.1283
298.7154
298.5980
299.0816
298.6221
298.4952
298.4783
299.3119
299.8351
297.8957
297.9693
298.6472
299.7072
297.5637
298.6843
300.1840
300.0422
298.7666
299.5026
299.1252
299.4007
298.5544
297.8360
297.8533
297.7464
298.4584
298.1550
298.1525
297.3310
299.1071
297.4345
298.7150
298.4801
298.4987
297.3005
297.0755
298.0957
298.4662
298.2486
297.7400
297.0699
296.7187
297.1304
297.9950
297.3845
298.2918
297.8098
298.1203
297.3058
297.7599
297.4210
297.8742
297.7950
296.3203
297.9345
296.7719
297.0374
296.7159
297.5962
298.0457
297.2666
297.6484
298.0946
297.8358
296.8876
297.5986
296.8714
298.2324
297.5322
297.6651
299.2153
298.4765
299.4317
299.3042
297.6241
297.4445
297.1053
298.4278
298.5969
297.7570
298.7335
298.0893
298.3608
298.0802
298.0383
297.8717
298.3899
298.9505
298.1700
298.8689
298.8633
298.8771
297.3592
299.5208
297.0558
297.6718
296.9839
298.1683
298.1758
298.4488
297.8596
298.2982
298.1767
298.4642
297.1383
297.7833
298.7518
297.5790
297.8216
297.7035
298.0521
296.8481
298.5266
297.5733
297.0806
298.6505
297.5327
298.0324
298.4850
296.7792
296.7026
297.6916
297.8409
298.2768
299.2085
298.4880
297.3767
298.9789
298.5187
297.6591
298.4748
297.4870
298.1975
297.9703
298.2763
298.4083
296.7257
298.7691
297.7302
298.2338
298.6727
298.1373
297.7885
298.4513
297.5269
298.5296
297.5996
297.4158
298.3165
298.3066
296.8962
298.5490
297.0992
298.1623
297.6273
297.5009
298.6191
298.5136
297.1419
298.5451
297.7688
298.3373
299.6525
297.2240
296.8410
297.7143
297.2851
298.0781
296.9364
296.4153
297.6857
297.7270
297.4632
298.4670
297.6215
296.9690
298.6700
298.0179
298.3900
297.6835
298.5220
297.5263
297.3725
297.8802
298.1239
297.0577
298.1985
298.2077
297.5716
298.0789
298.9214
298.5387
298.1482
298.1420
299.4659
298.1228
298.2914
297.9157
298.5059
296.7979
299.8217
299.2925
298.8874
298.4735
297.8937
297.9349
299.2205
299.0567
299.2475
298.5621
300.2339
297.3610
298.1020
298.2772
298.4051
297.7467
297.9247
297.6937
299.5504
298.5704
298.2680
298.7640
299.0388
298.0533
297.5013
299.1635
297.6723
297.4595
298.3782
298.9125
297.6617
299.1964
298.8392
298.1736
298.1921
299.3438
298.1207
297.5691
297.7391
297.4961
297.3860
297.5098
296.8254
297.9692
297.7643
297.1170
299.5370
297.6532
298.8838
298.7568
298.6092
298.5166
297.6124
298.7273
299.1003
297.8302
298.0096
297.8756
298.3281
298.7962
298.9348
297.5191
298.7203
298.0271
298.8677
297.2789
298.1904
299.1059
298.2410
297.8859
299.6181
298.0377
297.3133
298.3635
297.6430
298.9328
297.1760
298.5219
298.4619
297.4634
297.8161
298.4840
298.6943
297.7185
296.7198
297.3692
297.1690
297.8355
297.5531
296.9650
297.7175
297.6570
298.2510
298.3651
297.2356
296.5258
296.2413
297.5332
297.0568
297.9972
297.5174
298.8755
297.2152
297.4711
297.8204
297.2014
297.9588
297.9532
298.0494
297.3386
296.5313
298.5138
297.4391
298.0008
297.9693
298.6611
297.4712
297.7493
297.1514
298.1128
298.1956
298.7423
298.9183
298.8389
298.5190
299.0582
297.4765
297.3839
298.3092
298.1899
297.5125
298.4250
296.6379
297.6218
297.6354
297.9308
298.4049
298.9841
298.3283
298.8081
299.3724
299.4538
300.5440
298.3176
298.7252
298.0136
298.6385
297.1983
298.0402
297.6925
297.9593
297.6853
299.0355
298.8877
297.7719
298.0086
298.8175
297.9419
298.3003
298.8536
299.0123
298.0308
298.0450
297.5211
298.4082
297.8614
299.0797
298.0608
298.2344
299.2630
297.6783
298.7743
296.8100
297.6225
299.3052
297.7162
297.2263
297.5200
298.9749
298.1217
297.4207
299.1047
298.0505
298.9878
298.0434
298.4713
297.8735
298.3823
297.4656
297.2034
298.8409
297.1209
298.8027
297.6773
299.0924
297.1943
298.0448
298.7515
298.3992
297.7056
297.1456
299.0317
298.6989
298.3675
298.5173
298.4678
298.2689
298.2175
299.4315
298.5280
298.4184
298.4514
297.4265
297.8676
297.1252
298.5308
297.5802
297.4788
298.0465
298.1639
298.3587
298.3741
298.4156
297.5254
298.9039
298.7315
298.2680
298.9140
299.4183
299.1320
298.8503
298.0849
297.7020
297.7459
299.3170
299.6008
298.6858
298.1830
299.3894
299.3578
298.2997
298.8125
298.8872
298.9174
298.6555
298.0466
299.2203
299.6635
297.9629
298.5364
298.8953
298.1182
299.7028
299.2301
298.9814
299.5262
299.0593
298.9171
298.9193
299.1999
298.7681
297.7382
298.4584
298.5992
298.5565
298.7368
297.6469
298.0851
297.8248
298.8110
298.1096
297.6185
298.9441
298.8643
297.8148
298.8174
299.6723
299.0591
298.0259
298.0363
298.4511
298.0703
299.3491
298.8073
298.9729
298.5831
298.8596
298.7653
298.4147
299.0137
299.0028
298.6544
298.4491
299.0456
298.9782
299.7475
298.5434
299.2401
298.8693
299.6833
298.0623
297.5654
298.9247
297.4500
298.2368
298.6823
299.0212
299.2057
297.7865
297.7454
299.4979
299.8797
298.5476
298.9871
298.9182
298.0314
298.3096
298.5181
298.2573
297.3960
296.7815
298.4298
296.7869
297.2142
298.7108
297.6340
297.0687
297.2994
298.5770
297.7590
298.7802
298.9979
298.7024
298.0411
298.9881
299.7908
298.5156
298.7422
297.7449
298.0376
297.6775
297.9590
297.9975
296.7990
298.3209
296.3054
297.2330
297.0746
297.1308
296.6418
298.4039
297.2094
295.9470
297.1256
295.7958
296.8214
296.0205
297.1530
297.7421
297.2788
297.3715
298.3798
297.6672
298.4140
298.7861
298.3366
298.8202
297.7187
298.1042
298.2020
299.2583
298.5713
298.5831
298.4508
296.6060
298.4051
297.3654
298.2237
298.3807
297.4401
298.6319
297.5519
297.6895
298.0253
297.9797
298.7674
298.5544
298.3161
298.5377
297.7781
297.1941
298.1290
297.8201
299.0274
297.9453
297.5970
297.5673
298.6646
298.5360
298.0436
298.6587
298.8740
297.9841
298.8357
297.1307
298.1477
298.5066
298.9857
299.1531
298.3712
298.6616
299.4975
299.3492
298.7310
298.0857
297.1832
298.3185
298.4359
298.4428
299.2172
298.6010
297.5010
298.1337
299.3942
296.1887
296.8472
297.7266
297.1404
298.6507
298.5388
297.4698
297.9716
296.8113
298.5685
299.0680
299.4758
298.7664
297.3558
298.1948
298.4556
297.2491
297.7103
297.5925
297.0737
296.7410
296.9975
298.0939
299.0991
298.5858
298.9316
297.7484
298.7907
299.9630
299.5764
298.9004
300.0710
298.8475
298.5059
298.5667
297.1041
299.0472
299.2131
297.9521
299.2315
298.7163
297.8860
298.6648
297.5983
298.8842
297.2811
298.1378
296.8703
298.5158
298.2496
297.3349
298.1809
297.7691
298.1991
296.7065
297.7400
298.3077
297.4877
297.2585
298.1911
297.6263
298.5413
297.4354
299.1092
297.8860
298.5227
297.8998
296.7497
297.7164
297.3650
298.3292
297.8869
298.2449
298.7627
297.9443
299.0898
298.2604
298.9625
300.0508
297.7194
298.1617
298.1656
296.1023
298.7030
296.8811
298.2454
297.6223
297.7284
298.1103
297.6375
298.7136
297.6493
299.1078
298.8457
298.4961
297.7299
297.5652
297.3018
296.4010
296.7147
297.7156
298.2705
298.0520
298.4094
297.9597
298.4425
298.5900
297.7183
297.3308
298.4476
298.8590
298.6245
299.0165
298.2362
297.7124
298.1244
298.8256
297.5415
298.6334
298.4911
298.9834
299.2196
298.4884
297.5468
298.0375
298.2941
299.1570
297.8589
297.5646
298.2569
297.8217
298.2601
298.9438
297.9584
297.7873
298.8242
297.0705
298.1096
298.2235
298.8305
297.9353
298.9284
298.4446
296.8014
297.5926
297.4549
299.2495
298.4428
297.9820
299.1623
297.9713
298.1540
298.4719
299.2496
297.7787
298.8774
299.0889
297.6965
299.1028
299.9115
298.9125
296.5363
297.2999
298.5380
299.3088
298.4624
296.6869
297.4968
298.8596
298.0278
297.2958
298.6513
298.3436
298.6795
297.5797
297.9282
297.0150
299.1715
297.9609
297.9837
297.2778
298.1018
297.7829
298.3194
297.3823
296.6602
298.5719
297.7550
297.1933
296.7630
297.9067
297.6974
297.8807
296.8520
296.8273
296.8984
297.5069
297.7564
296.9810
296.9613
296.9468
296.6624
297.8727
297.1375
297.7759
297.3275
298.4458
299.0729
298.6002
297.8734
299.0950
297.9721
297.6547
298.1412
299.0022
298.5943
298.4237
298.4551
298.5668
298.7947
297.2077
297.4250
296.6170
298.3318
296.2344
297.0131
297.3420
298.2723
298.3290
297.7473
298.2336
296.9189
298.1165
296.1922
297.1680
297.6692
297.5726
298.3571
297.5196
298.7408
298.0416
298.0284
297.4649
297.7820
297.2336
297.3667
297.7018
298.3634
298.8172
297.1726
297.0335
296.8361
298.9582
298.3322
297.0691
298.7052
297.5198
298.3222
297.8418
297.4719
298.8739
298.5332
298.0038
297.9049
297.4791
297.7904
297.3543
295.8662
298.5508
297.5579
297.5947
298.0397
297.9779
297.7620
297.7752
298.9366
297.5927
298.9693
299.9264
298.2777
299.5856
298.8247
297.7101
298.4704
297.8827
298.2619
297.1273
297.4419
298.0986
298.9503
298.0558
298.4456
297.0786
298.2182
297.4449
296.6197
297.6090
297.5861
298.6316
299.0077
298.8208
298.2671
298.4981
298.5000
298.8055
297.7925
297.7247
298.8145
298.1939
297.2834
298.3794
298.5530
297.3695
297.8672
299.0031
299.9326
299.7203
297.5634
298.0186
298.8423
297.3780
299.8378
298.1718
299.6635
298.6966
298.4388
298.5046
297.7585
297.9049
297.5258
296.7544
298.0562
299.9775
298.3385
298.2586
298.5145
299.8040
298.2814
298.1212
298.1900
297.7971
297.4530
297.6052
297.8369
297.2839
297.5784
298.7734
297.9749
296.8894
296.9696
296.9388
297.5682
298.0316
297.6479
298.3089
299.0184
298.1478
298.0487
297.3686
298.5563
297.7655
298.5613
298.8398
297.4399
299.1661
298.6484
299.2099
297.6993
298.2894
299.3070
298.6846
298.4667
297.7873
298.0935
298.7842
298.8216
297.5662
299.1276
298.1568
297.8682
298.0448
297.8575
297.7390
299.2954
298.0688
298.5140
298.0901
297.7920
298.1806
298.4103
298.1513
297.8993
298.0709
297.6361
298.9240
298.7844
299.7507
299.3889
298.4704
297.5793
297.6929
297.7431
298.7708
299.3302
299.1790
298.1494
297.8566
297.0335
297.7314
299.1248
299.0341
297.9397
298.6143
298.9917
298.6370
298.4737
298.8596
298.8495
298.1417
298.1060
298.4358
297.9717
297.1541
299.2846
297.3027
297.9240
298.2731
297.8701
298.1010
297.6218
297.3073
298.0508
298.5560
297.7713
297.2268
297.9605
298.4275
297.4958
297.6697
297.6445
298.2198
297.8672
297.8656
298.0088
297.8854
297.6597
298.9376
297.0014
298.2350
298.2991
298.2724
297.0803
297.7193
297.7475
298.0371
297.8814
297.5550
297.5483
297.6755
298.4698
297.4961
298.1257
298.0994
298.2849
297.1616
299.2186
299.1085
299.2633
297.9009
297.9790
298.1408
299.4854
298.1173
297.8397
298.3105
297.9024
296.6164
297.7123
297.6082
297.6342
297.4482
298.4410
297.4135
297.6571
297.9685
297.6026
297.9301
297.2842
297.8961
297.4370
296.0477
297.9157
298.5369
298.5032
297.3332
297.8971
297.5395
298.2209
297.9855
297.8608
297.6950
298.1683
298.5557
298.8297
297.8330
299.2894
298.5029
298.6315
297.5083
298.0525
297.8114
297.1702
297.0670
298.6142
298.6993
298.1991
298.0575
297.6502
298.3180
298.1600
296.7903
296.1479
298.1204
297.2672
296.2589
297.6054
296.8846
297.4848
297.6825
297.6947
297.3921
298.7417
297.7409
298.2643
297.5190
297.5227
298.1581
297.9453
298.8547
297.7092
296.7121
297.7021
299.3815
298.1627
296.6828
297.8744
298.6686
297.8938
298.8975
298.5865
297.4047
298.9058
298.2840
297.2206
298.8427
298.3691
297.8587
298.1306
298.1187
297.7973
297.9113
298.0911
297.5271
297.6553
297.6104
297.2831
298.1234
297.5886
297.2750
298.3985
297.7003
297.8871
298.8745
299.4637
299.5202
300.0985
298.9886
299.1248
298.5261
299.5030
299.3540
299.8217
298.1109
298.9184
297.5839
298.8424
298.9174
297.4465
298.0451
297.7017
297.2618
297.5035
297.6988
297.4588
298.6993
296.3704
298.4572
297.9522
297.5196
298.6572
298.7880
298.2181
296.6191
298.6278
297.1529
298.5118
299.8163
296.7307
299.6169
297.6608
298.6704
298.1991
299.1369
297.9600
298.7311
297.9274
298.5765
297.6964
298.0882
298.9504
298.2574
297.6902
298.4799
298.6054
299.4578
298.2821
298.2633
298.4262
298.3128
298.7463
298.4896
298.7003
298.2440
297.5156
297.4298
298.1808
297.2454
298.9488
299.0111
298.0278
298.5225
297.8246
298.7620
298.9728
297.7594
299.0117
297.3340
297.5905
299.5321
298.1068
299.1614
299.2457
298.6045
298.9194
297.6976
297.1825
298.5662
297.5368
297.0134
298.4937
298.2021
297.3147
298.0422
298.0320
297.0010
298.4704
298.3579
299.0148
297.9326
298.6482
298.2068
299.0344
298.1264
298.9204
298.5835
296.8643
298.1368
298.1815
298.0111
298.4720
297.8599
298.9966
298.0272
298.4922
299.2020
298.5446
296.6688
298.1781
297.9106
298.1442
298.0019
297.9779
297.8958
298.2867
298.2778
298.0998
299.6056
297.0107
298.4110
299.1203
299.4828
298.7013
298.9430
298.6088
297.4648
297.6117
297.8793
298.3727
297.9656
297.5390
297.8519
298.7357
298.2919
299.3242
299.9794
300.0210
298.8444
298.9682
298.5881
298.6074
298.4716
299.8985
298.8990
298.4099
298.7397
299.5950
298.7896
299.0499
299.4496
298.8467
299.1720
299.1444
299.4445
298.1233
299.6579
298.6673
298.4944
299.2689
298.5855
299.9405
298.9474
299.4019
297.5028
299.1608
298.4008
298.9517
298.6195
299.2372
298.9045
299.3326
299.0685
299.1046
299.2533
298.1692
299.4290
299.5345
298.7684
298.0040
297.9484
296.9754
297.8156
296.6603
298.6282
297.3035
297.2652
298.2342
298.1962
299.1955
298.3596
297.9855
298.5189
296.9510
297.6688
298.9196
297.6364
298.3871
297.7094
298.1080
298.0222
297.8113
297.7571
298.3105
297.4681
297.4313
298.9160
298.5743
298.9756
298.2547
298.0897
298.9258
297.8438
298.0195
298.0535
298.8437
298.5054
298.0329
297.8463
297.8080
298.0502
299.0320
298.6691
298.1402
297.3871
298.6440
298.7042
299.1452
298.4079
299.3627
298.5171
297.4513
298.1283
297.2820
297.6444
296.6489
297.8456
297.0743
297.6523
295.9896
297.1546
297.6793
296.6449
299.0451
298.2915
299.2716
298.8365
298.0838
297.7962
297.8573
297.5197
297.8757
298.6402
298.2132
298.4944
297.4375
298.7178
298.2855
298.9159
297.7802
298.5162
297.1536
299.0755
299.1075
298.4196
299.5754
298.9730
298.3518
298.9924
298.0363
298.2180
299.2961
298.8948
298.0614
297.6795
298.4767
298.0966
297.8360
298.7393
298.8057
298.9922
298.5295
298.9185
297.8016
299.1356
298.7343
298.3801
298.2494
298.9470
298.1803
298.2403
298.6457
298.1032
298.9520
299.8609
297.4372
299.0700
297.7638
297.8276
298.9655
298.4188
299.6824
298.4849
298.1155
298.9395
299.5709
298.9046
298.8713
297.3601
298.2452
298.4591
298.1751
298.6281
297.4931
297.3296
298.3391
298.6750
297.6688
297.4542
297.6169
298.7779
297.6684
297.6213
297.3465
297.8623
299.1538
298.3615
297.4609
299.0884
298.9674
298.5632
298.2130
297.5322
299.1591
297.1811
296.3346
299.6727
298.7121
299.6194
298.2709
299.3304
298.2863
299.5121
299.1951
297.9719
298.5193
296.6536
297.9585
297.8908
297.0516
297.8860
297.6832
298.1583
297.5049
298.2603
298.1315
298.1416
296.8164
297.8758
299.4422
297.7721
297.6410
297.5790
297.8563
297.4070
298.5017
297.4937
298.3417
298.3827
296.8822
298.5832
298.3775
298.2638
297.7991
297.5864
297.0323
297.3318
297.4365
298.6473
297.6277
296.4513
298.6098
298.4100
297.7156
298.4988
297.4353
298.3880
299.0846
298.2110
297.8377
297.1351
298.2225
297.9915
297.6728
297.7035
297.3315
296.8887
297.5860
298.0839
298.4191
299.4566
299.8899
299.5659
298.5565
298.6997
299.0052
298.2692
298.8065
298.9313
299.0084
298.8937
298.5900
298.1807
298.8231
297.5884
298.9304
299.1124
298.6031
298.6226
297.1147
297.8553
296.8201
298.1130
296.2383
297.5403
297.7898
296.7476
297.0044
296.8444
296.6021
297.3872
297.2059
295.6441
296.1456
297.0879
297.5221
297.5477
298.0886
296.6517
298.1374
297.7259
297.0535
297.0423
297.0640
297.0921
296.8651
297.9248
298.2398
298.8167
296.7804
298.0255
298.8151
297.4105
299.5586
297.6467
297.0780
299.1424
298.0772
297.8147
297.2621
298.0574
297.0030
298.0278
296.5525
296.7316
297.0457
297.8868
298.3530
298.4739
297.9383
297.7998
297.2697
297.5651
298.7843
297.4863
299.2180
298.7784
298.8167
298.4353
299.1171
299.3272
300.2254
299.0023
298.5571
299.3269
298.1919
298.1981
297.7955
297.5229
298.2931
298.6600
297.2015
297.2959
297.3092
298.6198
296.8497
298.5900
298.0431
297.9099
298.8347
298.0811
297.8414
298.7797
299.1008
298.0968
298.6477
297.5173
299.6401
298.3625
298.8605
298.8927
297.8512
297.9148
299.9614
298.3570
300.0593
298.6599
297.3173
297.6806
299.5157
298.7168
298.5999
297.4294
298.0011
298.7627
298.6987
298.1713
298.6050
297.4874
298.9161
297.9646
298.5994
297.5457
298.1948
298.9472
297.7954
297.7761
298.9930
296.7127
298.4481
298.0562
298.0860
297.6426
298.7835
296.8752
296.5298
297.3443
298.0534
297.4307
297.5818
297.7259
297.9833
296.9762
297.3664
298.1381
297.4623
298.2240
298.8454
297.5803
298.5917
297.6721
297.5593
296.2294
298.0336
298.1811
297.1992
298.7427
297.3563
298.1068
296.2782
297.8860
298.4796
298.5128
298.6109
297.9669
298.9783
297.3632
298.0084
299.2706
299.0869
297.1770
298.5619
299.3953
298.6682
298.6021
297.0838
297.2819
298.1038
297.3626
297.8032
298.0781
298.0167
299.0447
298.3449
297.5589
298.1187
297.6279
297.7628
298.2405
298.1934
298.7471
298.4380
299.0348
298.0718
299.1781
298.7333
298.8152
298.4961
299.1169
298.9763
299.1674
298.5206
298.1047
299.2499
299.4969
299.3155
298.7808
299.1198
298.6316
299.3581
299.1770
298.4209
298.3447
299.1347
299.1264
297.1616
299.3711
297.5471
299.0192
297.8545
297.2932
298.7138
297.2492
298.6382
298.4915
298.0884
298.1381
298.8567
298.7517
298.6149
298.3165
298.0711
298.1532
297.5513
296.2281
297.6300
296.8201
298.7896
298.2533
297.9427
297.8445
297.9918
298.7073
298.7082
298.5087
298.4413
297.6862
299.2110
298.0094
298.2661
298.8694
299.4032
299.6172
297.0015
299.1212
299.4070
298.7339
297.8830
297.9536
298.5465
298.1336
299.3562
298.3811
298.8218
298.0144
299.0122
298.7522
297.3828
298.2919
298.2854
296.6383
296.6820
298.2746
298.1505
298.8665
297.3548
298.2758
297.8582
297.8003
297.8850
297.5837
297.8827
298.8519
298.1872
298.5675
298.3968
298.0794
297.4673
297.5334
297.8945
298.0753
299.7546
298.3212
299.3028
299.6352
298.4246
298.5328
298.2940
297.9723
297.5429
298.2691
296.9561
298.0669
298.6197
299.1197
298.8731
297.7791
298.9452
298.2795
296.8746
296.9977
297.4760
297.7981
297.8914
298.2193
299.4793
298.3973
297.3034
298.8144
298.8709
298.7923
297.5847
298.8360
298.2229
297.9088
298.3888
297.5547
298.8919
297.7970
298.2903
298.2684
298.1361
297.7086
297.7009
297.6583
298.1062
299.0251
298.6678
297.8165
298.2901
299.4024
299.9285
299.6800
299.3215
298.1963
299.1929
299.8543
298.9779
298.6922
298.7810
299.4197
299.1196
298.4587
297.7972
299.3038
298.4855
298.9262
298.8750
298.5555
298.9743
297.8672
298.2566
299.0038
298.3946
298.3110
297.6056
298.4467
298.6640
298.7413
298.5289
299.7892
299.3182
299.0811
299.1167
298.6882
297.4042
298.6122
297.7826
297.4758
296.9214
297.2772
297.3955
298.0280
297.1817
297.0248
297.0592
296.7966
297.9359
297.0051
297.0319
297.7115
297.4892
298.0059
298.0522
298.5034
298.5358
298.4382
298.3850
298.6305
298.5571
298.1301
297.9975
297.9286
298.4205
299.1808
297.3956
298.2733
297.5629
296.7259
296.8721
297.6851
298.3050
298.4333
298.9793
298.1391
298.3403
298.0548
298.1254
298.7998
297.3308
298.8849
298.3617
298.9423
298.7290
297.1188
298.3730
298.6835
298.6116
297.5897
298.0458
298.3942
299.5162
298.1857
298.1252
297.6499
298.9175
298.6737
297.1122
297.4452
298.1057
298.2383
298.3096
297.7612
297.8021
298.4215
297.4291
299.1141
298.6298
298.3603
298.1818
297.2634
297.4690
299.0410
298.5644
298.5418
298.7395
299.3032
298.2096
298.1062
298.0897
298.7654
297.9958
297.8829
299.3103
298.0958
299.4014
297.7842
299.2802
298.6465
298.5974
298.3023
296.8145
299.3119
299.5263
298.3473
297.7998
298.0503
298.2444
298.2346
299.7814
298.7825
297.9210
297.7287
298.7577
299.3854
298.5981
299.2522
298.2716
298.2391
298.7964
296.5244
298.7644
298.4382
297.8635
298.9290
298.0243
297.9708
297.0298
298.1942
298.7520
298.5366
299.3483
298.4653
299.1545
298.7926
297.3152
297.5934
297.8493
297.4377
297.2558
298.2884
297.3448
297.2875
298.8508
297.5303
297.5012
297.4562
298.2878
297.8521
299.1667
298.9034
298.2745
297.9069
297.4071
298.7576
299.2374
296.2668
296.9660
298.3620
297.4436
297.5784
298.7744
298.0590
298.1345
297.2112
297.1832
296.5950
296.6199
297.1348
297.4513
297.3401
297.6092
297.4663
298.1975
298.1382
298.7034
296.3910
296.7654
297.4096
297.5360
298.0807
298.5386
298.3348
299.3286
298.2846
298.4540
298.5675
297.4883
298.6974
296.7671
298.3211
295.9296
297.3763
297.5204
297.7730
296.6633
297.2287
298.0493
298.1437
298.2624
297.4217
298.9622
298.2934
297.7750
297.2943
296.8412
298.1360
298.1149
297.8684
297.7682
298.0216
298.3349
298.8800
298.8340
298.2422
297.6751
299.2766
296.4477
297.7627
296.6227
297.2487
298.7376
298.6837
297.1965
296.5711
297.0382
297.5308
298.1746
296.1383
297.3759
298.7210
297.9422
297.0893
296.3674
297.4272
297.6958
298.2398
297.4367
297.6066
296.5905
297.8468
298.0624
297.6182
297.2868
297.5441
296.4344
298.2004
297.3624
297.4562
297.8516
297.6795
297.5453
297.6851
299.3589
298.3321
298.3922
298.6924
298.9809
298.0412
299.0348
298.8207
299.6656
298.7801
300.2003
298.6825
298.0611
298.5289
297.7270
299.4564
299.1354
298.3660
297.7748
298.6686
299.0619
299.2518
299.7670
299.7687
298.9795
299.1661
298.7199
298.7802
298.7582
297.6022
298.8527
298.1888
297.4430
298.7042
298.4074
298.0196
297.9363
298.4605
297.6062
298.4213
298.0890
298.0277
298.0816
298.5737
298.7426
299.9947
298.1885
299.0635
297.6728
298.0401
299.5379
298.9522
298.9518
298.3025
298.1686
297.9448
298.3037
297.0124
298.5614
297.5773
297.0370
297.4841
298.0620
296.2999
297.5313
297.3915
297.8682
299.0220
297.4992
299.4729
298.3470
299.1882
298.6533
298.3515
298.5068
298.5364
298.2716
298.1811
298.1795
298.5635
297.7826
298.8488
298.6745
298.3599
298.8064
299.2626
299.5840
298.5531
298.5361
298.8994
297.8180
299.0700
298.5120
297.4769
297.0120
297.5120
298.7726
297.2107
297.3826
297.8365
298.6712
297.6982
297.5160
298.0831
298.1712
298.4089
298.4548
298.9737
298.3500
298.8654
298.6961
299.0769
298.9548
297.4962
297.2792
297.2135
297.7759
297.3964
297.6098
297.9936
297.5817
298.8111
296.4665
297.5626
297.8342
298.6409
297.1565
298.9101
298.6659
297.2146
298.0475
298.0689
297.5571
298.3107
298.6457
297.7983
297.9517
296.8543
296.9994
298.8537
296.9116
297.4163
298.9191
297.8736
298.4384
297.6349
298.4215
297.6186
299.0135
299.3038
300.2271
298.3232
298.7464
298.1804
298.5186
299.1926
297.9305
297.2598
297.4261
298.1618
299.1925
297.6375
298.9264
298.6215
298.3362
297.7514
297.1077
298.1538
298.5969
297.7832
297.4885
298.9508
297.6112
298.0347
298.0679
297.5538
298.6781
298.9417
298.4674
298.1808
298.6570
297.7780
299.1535
298.5826
298.1303
298.0304
300.0035
298.3747
298.7364
299.3791
299.1430
298.5745
299.1642
297.7643
299.9002
298.5621
298.8658
299.2268
298.2650
296.9083
298.6001
299.0910
299.0438
298.4551
298.6965
298.3992
297.6677
297.5295
298.6422
298.2645
298.9916
298.8659
297.2553
298.1308
299.0013
298.8268
297.7775
298.2195
298.2649
298.9036
298.7596
298.5904
297.3924
298.3346
298.2910
297.9148
299.6031
297.2097
299.2459
296.6129
299.2335
298.2843
298.0744
298.9148
299.6748
299.5216
297.6192
297.9779
299.5122
299.1285
300.0326
297.7851
298.1525
297.2123
298.8427
298.9180
298.5229
299.0797
299.2835
298.4177
297.2093
297.6306
297.2626
297.5638
297.4878
297.4722
296.3852
296.3348
297.1136
297.5394
297.0622
297.4731
298.3191
297.6560
298.0754
297.4609
297.5790
298.1403
298.5899
296.8617
298.8488
297.8274
299.1801
299.4127
298.3533
299.0807
297.8986
299.0733
298.0421
298.5532
297.7161
298.5869
299.2319
298.4858
298.4575
299.2720
297.3247
298.5101
298.0164
298.4157
297.0139
298.5778
298.2067
298.4645
297.8855
298.5215
297.9123
298.5452
297.9955
298.1491
297.1285
298.4477
297.9098
298.2355
298.2326
298.2368
298.6663
299.4912
298.9291
298.8287
298.8814
298.2544
298.3408
297.5254
297.8994
298.1434
298.2822
298.9185
298.5645
298.2150
297.0517
298.7512
298.2673
297.3290
297.4316
297.9398
299.1388
297.5200
297.8506
298.4923
300.3267
298.5019
298.2410
298.9184
299.2778
298.0344
298.4424
297.3651
298.3100
296.8458
297.2864
297.2486
297.8447
297.6186
300.1334
299.1845
298.6942
299.2635
298.3530
298.2604
300.0418
298.7964
298.2726
298.7253
299.6100
298.3150
298.7571
298.5427
299.3615
298.9828
298.4724
299.6666
298.1819
299.7111
299.2326
299.6619
299.1104
297.9040
299.2743
298.4908
299.1721
299.6288
298.6912
299.3041
298.9529
298.0846
298.6312
297.5168
297.6852
297.3681
298.3054
298.2167
298.2487
297.8810
297.4455
298.9797
297.6727
295.9800
296.5219
297.8183
297.5077
296.8446
297.8601
298.8989
298.9279
299.3342
298.6400
299.1603
299.8542
298.1946
297.6372
297.8247
298.5992
298.6129
298.6414
299.0926
299.3034
299.4132
299.1693
298.0440
297.1547
299.0211
297.0700
297.9523
297.5665
298.1870
298.9679
298.5275
298.0483
296.9874
298.2960
297.4960
297.4906
297.0036
297.3004
297.4858
297.9249
297.4318
296.6607
297.3376
296.0575
297.9045
299.2548
297.0875
297.9242
297.5724
297.8393
297.6802
298.4301
298.4157
297.6085
298.1074
297.9135
300.0888
298.0574
299.0864
298.6796
297.8779
299.2072
298.4280
298.6816
298.7987
298.5481
299.0588
299.2222
297.9712
297.3005
297.3581
298.5580
298.4128
298.2569
297.5312
299.1645
298.5040
298.0956
297.4019
297.9015
297.5817
296.4518
298.3056
297.1901
298.1020
298.8430
300.0013
297.8527
298.5167
299.4517
298.6109
298.9752
299.2480
298.6282
298.5622
298.3766
297.7149
298.0643
298.9704
299.3190
298.3831
298.3264
299.1974
297.8922
297.7793
299.0128
298.1095
296.7171
298.2854
298.8063
298.3113
298.3299
298.1293
296.0675
298.5530
298.8178
297.5620
296.6034
297.2404
297.3562
297.8910
298.4841
298.2651
298.3317
298.4085
299.3190
298.6545
298.4563
298.1705
298.3376
298.7609
298.4932
298.3556
298.9104
298.9768
298.4549
297.9871
297.3744
298.0449
297.2363
297.1697
297.6103
299.4187
297.7748
297.5926
297.4609
298.3036
298.4391
297.2944
298.6824
298.0533
296.8644
298.5337
298.2534
297.4641
297.5971
296.9104
296.8594
296.9423
297.8021
298.3675
297.6280
298.4909
298.2310
297.9241
297.8840
298.2966
298.7202
297.8642
297.6789
298.9253
298.9441
298.9197
298.0745
298.0959
297.8075
298.5255
298.1787
297.6971
297.9938
297.5703
297.6660
297.8156
297.0350
299.7131
298.6815
299.0917
299.6467
298.6411
299.0954
298.6754
298.9707
299.7747
299.3607
298.7066
299.2177
298.7232
298.7397
299.2720
299.4567
299.4172
299.3417
298.9582
298.5873
298.1865
298.7134
299.0308
299.2359
298.8559
298.4219
298.7162
298.9085
298.3020
297.6284
297.5354
297.7145
297.5433
298.4772
297.6232
296.7746
297.9412
299.3261
298.0834
298.7619
298.2250
297.5203
298.1408
297.5389
299.8819
299.5208
298.0233
299.5304
297.3786
299.2787
297.2982
297.7466
297.0184
297.5716
296.8590
297.5313
297.3873
297.1981
296.5378
296.9347
297.0874
295.8075
297.8213
297.0836
297.9714
297.9580
297.1525
297.6525
298.5271
298.6116
298.1727
298.4345
298.4972
297.2575
297.6943
298.7248
298.5523
298.7281
297.2160
297.8543
297.5671
298.2695
297.2282
297.6852
297.7421
297.4559
298.3745
298.7930
299.7716
299.0291
298.1771
298.3202
297.5374
298.0953
298.8572
297.5953
298.7599
298.1609
296.5559
297.9833
298.8866
298.1443
297.7202
298.7479
298.0578
298.7421
298.8867
298.7223
298.7089
298.6319
297.7658
297.8428
297.3970
297.5331
298.0961
298.3931
298.2989
296.8134
297.5078
298.5553
296.9512
296.9615
297.6260
297.6511
298.6588
297.2339
297.2256
297.1546
297.6001
297.7171
298.1842
297.3261
296.1519
296.8723
297.2717
296.9402
298.1156
298.2119
297.7909
297.4182
296.3315
297.0957
298.3027
297.2833
299.6568
299.2108
297.5861
298.3363
298.2680
298.2684
299.8249
298.3830
298.4232
297.8457
298.3642
297.6802
297.5472
298.0682
298.0112
298.4983
298.5534
298.1435
298.8490
299.4036
299.6896
299.6579
298.5352
299.3638
297.6916
298.9061
298.8724
299.2193
299.1496
298.1439
298.8994
299.2657
298.6478
299.1467
298.4588
297.6466
298.8984
298.1276
297.8998
298.6680
296.5878
297.9572
296.6724
298.5905
296.4627
297.8212
298.3353
297.5332
298.0457
298.1971
298.0023
297.3052
297.2452
298.7012
298.2758
298.1081
299.2810
298.9804
298.4029
298.4447
298.1590
298.9356
297.5113
297.7843
298.0226
298.4703
299.1573
298.9954
299.0425
298.7397
299.5633
298.4141
298.8347
298.1537
299.4450
299.1438
299.7345
297.9262
298.8599
299.4698
298.3465
299.2931
299.0885
299.0756
299.2487
298.3098
298.2536
297.7871
298.6400
298.2768
298.7129
299.1029
298.4872
297.4774
298.6854
297.1010
297.5975
297.3388
297.0830
297.0202
297.2771
298.4011
296.8740
297.2925
296.9589
297.4982
297.4879
297.3259
297.5515
297.8012
299.0792
298.4984
297.8972
298.2963
297.6890
297.5219
297.4068
298.4307
298.1505
298.1113
298.4086
298.5884
299.0401
298.6191
298.1164
298.5017
298.2105
297.6109
299.5261
299.0613
300.6374
299.1899
298.5669
297.7098
297.3086
298.1387
298.2842
298.9345
297.0402
298.4490
296.4813
296.5430
297.9258
297.0012
297.6185
298.4369
297.2345
297.1311
297.6353
297.6254
297.5725
298.2311
299.4408
299.1229
299.1275
299.3376
298.5853
298.0647
298.3751
298.4836
298.8656
297.5155
297.9967
296.1306
299.4888
297.6904
298.1821
298.0701
298.8695
297.7466
296.8425
297.9477
297.6307
297.4155
298.3384
297.9564
297.9327
297.7706
299.0117
298.2788
297.0510
298.5734
297.7684
298.6198
296.6645
298.9363
297.8129
298.1343
297.7903
298.2953
298.7489
298.6948
298.4565
297.0763
298.9597
298.5511
298.4856
299.2586
297.3725
297.6316
298.9797
297.6273
298.7207
298.7635
299.0474
299.6542
298.0177
298.1618
297.1242
298.4373
298.6983
299.4969
297.9959
299.7295
299.5369
298.0711
298.0072
297.9718
298.4082
299.0731
297.2594
296.9719
298.3260
296.6767
297.7615
297.5551
297.5319
298.2273
297.5053
297.8347
298.2618
298.3389
296.1921
297.4918
297.1753
298.8684
297.3850
297.7139
297.4586
297.8264
297.5243
298.0677
297.6664
297.3395
297.8517
299.0405
297.6330
299.2102
298.8704
298.9771
298.5211
297.7586
299.2445
296.7830
299.0297
297.1597
298.2400
296.9799
298.9605
298.4825
298.0061
298.4584
298.8746
299.7185
298.0681
298.7387
298.2677
298.0516
298.5726
298.6213
298.7371
298.6504
298.1574
299.4024
298.3067
297.7452
298.0452
297.9102
297.9336
297.0346
298.0277
296.7355
298.2139
298.1654
298.8799
297.7441
297.8414
296.9092
297.3920
297.2181
297.9620
298.3430
298.1474
298.3635
297.5200
297.8693
298.2710
298.0677
297.8164
296.6499
298.2418
298.9081
297.8576
298.0421
299.2430
297.6718
297.8373
297.6878
298.0159
297.6364
297.7647
298.9210
298.5852
297.7893
298.1419
297.1887
298.2144
298.0191
297.7629
297.5885
298.7141
298.7531
298.9711
297.2229
297.3152
298.1542
298.5339
296.7541
297.3965
297.2722
298.2906
297.9685
298.1067
297.6803
298.0507
298.5559
298.2620
298.7688
296.9177
298.7144
299.4133
298.4200
299.4666
299.0492
297.8506
299.3551
297.6207
298.4625
297.2343
297.7736
299.4434
298.1101
298.9069
298.6810
297.7985
299.1984
297.9389
299.1987
298.1438
299.1323
299.5777
299.5629
297.4855
298.1407
295.6388
296.5966
299.3976
296.2425
298.6737
298.3928
298.8460
299.2015
298.6495
298.4103
298.5484
298.6591
299.1881
298.6790
298.6783
298.2847
299.4242
297.9217
297.4595
297.8211
298.5127
296.9458
297.3789
298.0489
297.0206
297.9026
298.2936
297.3917
296.5713
297.3016
298.4629
297.3514
297.6402
298.1274
297.3257
298.0299
298.6043
297.2114
299.3613
298.4898
298.3793
297.6010
298.6191
300.7106
298.1907
298.0313
298.4059
298.2617
298.2019
298.9871
299.9304
299.5267
299.0089
297.7258
297.9833
298.9504
298.7957
299.2279
299.0907
298.3303
299.2646
298.2577
298.3901
299.1917
300.1558
298.3678
298.6808
298.5601
298.8300
299.3319
297.8322
297.7029
297.3433
298.2357
298.7440
298.9179
298.7183
298.4987
297.9039
299.1052
298.8004
298.5428
298.5130
299.2201
297.7463
298.0631
299.9530
298.6035
299.2368
298.7806
298.5736
299.8036
298.3846
298.2496
297.8610
299.0136
297.9457
299.1907
298.5129
298.4633
297.5251
298.2790
297.9728
297.7797
299.8573
297.7253
299.1612
298.6054
298.2405
299.4042
298.5507
299.3229
298.2840
299.4161
298.1184
297.6263
298.1999
298.2777
297.3744
298.0379
297.9535
297.1982
297.8896
297.9565
296.8004
298.0869
298.1928
297.7843
297.2372
298.3862
297.7248
299.8066
297.8860
299.2616
299.4101
298.8394
297.3501
298.4236
298.8118
298.9523
298.6453
296.8406
298.4460
297.8072
298.8245
298.0238
297.1476
297.0374
298.9425
298.3153
297.8914
297.3408
298.1139
298.1105
297.2297
298.3370
298.5615
298.5688
297.5223
298.8476
298.4881
299.3185
298.4274
298.4939
298.4136
297.5400
298.9710
299.0142
298.7137
299.3698
298.5749
298.4607
299.9133
298.0984
298.9907
299.6237
299.1278
297.9950
297.9596
299.0958
298.8686
297.8427
298.4713
298.1797
297.6958
299.8476
299.3990
298.3938
298.7325
298.1858
299.8041
297.6476
297.9304
298.1608
299.3730
298.4180
299.3071
298.8975
299.6807
298.5818
298.9030
299.7331
299.6476
298.5854
299.0701
300.0145
300.7426
298.1670
299.3383
299.2136
298.5065
299.6448
298.2675
298.3981
298.3825
297.7502
297.7925
297.3348
297.1548
297.9425
297.3178
297.7262
297.8798
296.6381
296.4938
296.7472
297.4580
297.1891
297.9032
298.1614
298.1605
297.5411
298.5099
297.4301
297.5346
297.6454
297.9646
297.1148
297.6793
297.4866
298.1598
298.8190
298.2003
298.3235
298.4304
299.9038
298.1599
298.6059
298.9221
297.7631
297.6907
298.0410
299.3798
297.7520
296.8697
298.2066
298.6514
298.7222
297.8256
298.9972
299.3517
298.2592
297.6117
299.2215
298.5198
298.6854
298.2956
298.0382
297.5914
298.1174
298.7524
298.0457
298.9263
298.7782
298.3372
297.5384
298.2358
298.0552
298.1239
298.2258
297.3046
297.7423
298.5063
299.1157
298.6726
298.4239
297.2918
298.0823
297.5697
298.1616
296.7470
298.1522
297.8548
297.7032
297.4324
297.7508
296.4118
297.4935
298.3847
297.9252
298.9849
297.4168
297.5348
297.7232
296.2361
297.5388
298.8173
298.9134
297.1470
298.0575
298.0071
298.8650
298.0410
299.4880
298.4058
299.7753
298.0709
299.5835
297.8654
298.2781
298.1581
298.0108
298.8772
298.3952
298.5407
298.7104
298.6195
298.4613
298.8423
298.5440
299.9617
299.3158
297.8899
297.9983
298.5300
298.2924
298.7105
299.1606
298.1073
299.5550
299.9025
299.6571
298.8694
300.4463
298.9004
299.2317
298.6714
298.4837
298.4013
299.1424
298.5070
299.7270
298.5492
298.4257
298.3066
298.6113
297.5410
297.9399
297.0685
297.9971
297.5113
296.6559
298.7682
298.2765
297.7841
296.8267
296.4669
295.4028
298.2207
297.6925
298.3711
297.7178
297.1302
297.0900
298.5578
297.7582
298.5677
298.0925
299.7979
298.0562
298.4926
299.5239
298.7084
297.9757
298.7171
298.5106
297.8239
299.6527
297.2838
298.1358
295.9998
296.5378
297.3391
296.4382
297.7867
298.1833
297.8062
297.7593
297.7052
297.8600
298.4331
297.6571
296.9944
297.2948
298.1541
298.5209
299.4834
296.4483
297.9878
298.3109
297.3844
297.9679
299.1677
298.9928
297.0299
298.2274
298.6414
300.0613
298.3922
299.4932
299.6438
298.7103
298.3283
299.1352
299.4269
297.8336
298.4218
297.6270
298.2356
299.1923
296.9167
297.7819
298.5920
298.9421
298.5837
298.5085
298.9973
298.3085
297.9138
298.6466
297.4660
297.2054
298.2139
297.8552
299.5194
298.9554
298.3713
299.2984
298.9639
299.3875
297.3162
298.5285
299.3360
298.3346
299.0928
299.6574
298.5024
298.3139
298.5868
299.3076
299.5230
298.2678
297.3707
297.6874
298.7524
298.1020
298.3481
298.2349
297.7148
298.1379
297.2095
298.9530
298.1193
298.2172
297.5838
299.5646
298.0709
298.3901
298.7884
298.5842
299.5849
299.9786
298.5578
298.7916
298.6837
300.0036
300.0635
298.6230
297.5149
297.5940
298.3280
298.9762
298.0701
297.0932
298.5368
298.5467
297.5204
297.8214
298.7382
299.2183
299.4970
297.9580
298.2015
298.2077
298.3345
299.1369
297.6990
297.2690
298.9154
297.7329
298.2031
298.8463
298.0184
298.1519
298.3087
297.1180
297.8638
297.3084
298.9867
299.7024
300.1581
298.0987
296.9503
298.0789
297.7282
297.1228
298.1937
297.7501
297.1644
297.2376
298.8536
298.9539
297.8657
299.0897
297.3308
297.2312
297.9459
298.8430
297.5398
298.1349
298.0812
298.1391
299.5056
299.2033
299.0055
298.3482
299.1458
298.3624
298.8295
297.6477
297.6834
298.4299
298.2216
298.0009
296.6468
297.8044
299.1656
299.9765
299.8558
298.9587
298.3485
298.7161
298.7303
298.9940
297.5359
298.8392
298.0573
298.7036
298.4291
299.8513
299.0882
298.1276
297.7463
297.8668
297.9295
299.0890
298.4187
299.0508
298.0029
297.7455
298.4872
298.9953
298.0477
298.8935
299.1011
298.8888
297.1362
298.8113
298.1097
297.7956
296.9771
299.5706
297.0293
297.3080
298.4192
297.8081
298.1432
297.3173
298.8780
297.7884
297.2858
297.4890
298.6450
297.8015
298.5191
296.2751
298.5057
296.7460
297.3790
298.3520
298.1889
297.8783
297.7915
297.6372
297.9701
299.3096
298.1742
297.5999
298.9264
299.5427
298.4226
299.0218
296.9945
296.9170
299.2692
296.9563
297.5168
296.8059
297.1050
296.5467
297.6908
296.9854
296.9627
297.8318
298.5210
296.0116
296.9207
299.3367
299.1714
297.3462
298.4092
297.5963
297.7787
298.3897
299.4086
298.7875
298.2653
298.3545
298.0508
299.1217
300.2362
298.8445
299.2004
298.6859
298.2028
298.4095
297.6148
297.3942
298.0272
297.9559
297.9019
298.4298
297.6014
298.1135
298.0118
298.2917
297.6621
298.9781
298.5032
298.1877
298.5672
298.7317
297.9280
296.9050
299.3806
299.3591
298.5812
300.4062
299.0840
299.0854
298.4557
299.2239
298.9114
298.7356
297.9784
298.4415
298.9526
297.8036
297.3122
297.1908
298.4945
298.4061
298.3874
298.3312
298.6544
298.5548
298.9144
298.2953
298.7547
299.6238
299.9944
299.3018
298.1248
297.9758
299.0954
298.3142
298.9125
297.1267
298.3852
298.0617
297.9955
298.6308
298.3680
298.2661
298.6462
297.5079
298.4097
297.1181
298.6480
297.2504
298.8017
296.3503
297.7562
297.5633
298.5122
297.3470
297.4132
296.9894
298.0056
298.0626
299.0126
298.0726
296.6060
299.4633
298.3888
299.5655
298.7461
297.7789
298.4731
298.9940
298.1584
298.6119
298.5390
298.3269
298.0853
297.3988
297.6493
297.5700
297.5631
296.4288
298.1914
297.1517
296.5167
298.0780
298.0087
298.9169
298.1860
296.7841
298.0461
298.9375
297.7302
297.9554
297.2500
298.5026
297.3190
298.0990
298.2447
297.7020
299.1457
298.7832
298.0365
299.1507
299.3199
298.8870
298.4766
299.2657
298.6329
298.7792
299.4011
299.3362
299.6472
299.8024
298.9019
298.0833
299.1502
299.5629
298.1100
298.1138
297.5982
298.7760
299.4777
298.4556
298.4362
298.2797
299.2516
299.0173
299.1251
297.5899
299.2473
297.2735
297.5384
297.4703
298.3969
298.7907
297.9706
297.0778
298.0892
298.1593
299.2131
298.2134
296.6269
298.4821
298.4172
298.5239
299.4641
298.9945
298.1489
298.2669
298.9880
298.2489
298.2080
298.3309
297.9376
298.3982
298.6530
297.9640
298.0935
297.6401
299.2573
297.9044
297.4272
296.6394
297.7146
297.8814
297.6194
297.4374
298.2370
298.3639
298.6125
297.6581
298.9299
298.5712
297.0634
296.2013
297.2116
296.7625
297.7017
298.9780
298.3522
297.2750
296.7869
298.2169
296.8048
297.2058
297.9696
297.6063
297.3974
296.8957
298.0100
299.0831
298.0509
298.2798
297.9115
299.5607
298.7441
299.3636
298.7822
297.8992
297.5870
299.2159
299.0460
298.5672
297.4020
297.6732
298.2571
297.6862
296.4184
297.5709
298.2598
297.9388
297.8097
298.3014
299.3667
298.8068
300.2422
299.0116
299.0395
297.9104
300.5895
300.0457
299.0965
298.3568
299.1132
298.6906
297.4850
298.6187
298.0946
297.7817
298.7785
298.5546
297.5529
298.4973
298.6610
298.4099
298.2598
298.5379
297.9502
296.4074
297.9978
297.5196
297.9733
297.5525
298.6379
297.7009
298.2532
297.2215
299.1044
297.9531
298.7608
297.9974
298.3160
298.2690
297.2491
296.8696
298.3056
298.1942
298.2082
298.2670
297.7208
297.8137
297.7656
298.0464
297.8858
298.2968
297.9876
300.2247
299.5130
298.7070
298.2368
298.1284
298.0293
298.8112
298.2632
297.8720
298.4448
299.6332
297.7276
299.0553
298.1571
298.9512
299.4453
298.8713
297.5065
299.1582
298.6109
297.5097
297.7696
296.6557
298.6046
298.5311
299.6408
297.4111
297.8458
298.3096
298.6836
297.9405
298.5710
298.4823
298.6501
298.8952
298.5452
297.9390
298.7337
297.9560
297.8640
299.2246
297.4812
298.3680
296.9810
297.2032
297.8773
297.9655
299.8689
299.6675
297.9065
298.4013
298.1292
299.2097
298.3430
298.2528
298.9660
298.1133
297.8739
297.4651
296.7140
297.2343
298.3742
298.0922
299.0583
298.0059
298.2084
298.2081
299.0470
299.0978
297.7920
298.4298
298.4930
297.2643
299.9696
298.1105
297.5519
296.5112
298.8293
297.3570
297.6972
298.3776
297.9319
298.0262
297.9294
297.7892
296.8706
298.3921
297.7538
298.7557
298.0396
297.3711
297.6081
298.3822
298.9449
298.8995
298.0402
298.4313
298.0581
298.1565
298.7767
298.2950
297.9630
296.7573
297.4795
297.1254
297.8804
297.1418
297.9921
296.3188
298.4483
297.7071
298.8065
299.3023
298.0051
298.9680
299.1256
299.3668
298.1381
300.2545
298.9377
299.1771
297.4764
298.3773
297.7365
298.6293
297.4695
298.5749
300.1224
298.0005
298.2749
298.7382
298.3280
299.8695
297.9970
298.7584
298.4807
298.4208
298.1882
299.0445
298.4213
297.6284
298.5125
298.1616
298.6629
298.0231
296.6572
299.1344
298.6931
297.0636
297.8034
297.1788
297.8086
297.6660
298.9228
296.8825
297.8349
298.8068
297.4471
296.9432
297.8472
297.2082
297.9156
296.8738
297.6535
298.2687
297.5030
296.8870
297.7268
297.6562
297.6616
298.5722
299.0024
298.8203
299.3346
297.4546
299.2488
299.5726
297.7684
297.8387
298.0324
298.1577
297.8573
297.4541
298.0624
298.4328
297.5232
296.4284
298.0764
297.9595
298.5105
299.3259
299.0533
297.9468
298.1592
299.6779
297.8217
297.2804
298.5756
297.2927
297.5669
298.0072
298.5814
298.8460
297.3023
297.1691
298.8723
298.4907
298.5897
298.5398
298.0854
299.7670
297.7875
297.7197
299.1929
298.6074
297.5775
298.0135
298.6431
296.6357
299.1652
299.0518
298.8270
298.9079
298.2089
298.7271
299.3434
298.0613
297.1416
297.1691
296.9598
298.1919
296.6644
296.9549
298.1145
296.4572
296.6567
297.4310
296.5826
297.3094
296.9577
297.9367
298.2811
297.7797
297.1887
298.0097
298.7450
297.4248
297.1683
298.1012
298.5259
298.6067
298.5157
297.8111
297.5143
298.2985
297.8530
298.4955
297.8296
297.8196
298.8379
297.4761
297.5840
298.1636
297.5036
297.6115
298.9725
298.6642
298.6303
298.5545
297.6629
296.8789
297.4220
298.8898
298.0958
297.7820
298.1421
298.3211
297.7912
299.3628
298.1272
297.4749
298.4689
298.4474
297.9897
297.5383
298.4011
297.9128
298.7941
298.3896
298.1150
297.7446
298.3061
297.5592
298.3888
297.6940
298.0652
297.1228
298.4148
299.4851
297.2408
297.7392
298.0108
296.9058
299.0602
298.7990
297.4345
297.9846
298.3055
298.2888
298.4926
298.6498
300.1521
298.2991
298.2266
297.5594
297.5786
299.3104
299.2650
299.7509
298.4500
297.1073
300.0031
299.8090
298.7458
297.1937
298.1125
298.4578
298.4431
299.7593
297.6105
299.1659
299.0441
298.1338
296.9521
297.9589
297.6348
297.3222
298.0103
297.6841
298.9717
298.4728
298.1260
299.7705
297.7932
297.2366
299.4444
298.3970
297.9702
298.2421
299.2306
298.5211
297.8274
298.8069
298.5406
298.8157
298.5721
297.6038
298.0934
298.2191
297.0917
297.1322
298.1504
297.2081
298.3775
297.0197
297.9362
298.3373
298.3574
297.6804
298.1944
297.7335
297.8346
297.3293
297.8251
297.4783
298.2754
298.2946
298.4524
298.6104
297.6701
297.6151
298.5979
299.4200
297.7156
298.8694
298.3519
298.3206
299.0718
299.2689
298.1596
298.6175
299.0086
296.3261
298.4039
297.8498
297.0970
297.8810
298.3320
299.4530
298.3285
298.3728
300.0132
299.1076
298.1771
299.2368
297.8818
297.4864
297.0525
297.8105
298.0712
297.0061
297.5250
297.6116
297.2899
297.6748
297.1235
298.1423
297.9585
298.9944
296.7463
296.9266
298.2871
299.2738
298.0633
297.7137
297.5088
299.4267
296.5918
297.0693
298.5448
298.2689
297.9111
298.3709
297.8994
297.8093
299.1066
299.4059
299.4385
300.4775
299.7681
300.4894
300.4748
298.4785
299.2036
298.0677
298.8499
298.6898
299.0094
297.6851
298.2657
297.1939
297.8490
297.4105
298.4628
298.3974
298.4339
297.5358
296.7674
297.0770
298.7223
297.4522
296.2949
297.0792
296.9055
297.6114
298.8280
298.9978
298.8562
299.7646
298.4867
297.9674
298.3977
297.6582
296.4987
298.4139
297.7553
297.5939
298.4213
297.8278
297.9724
297.6454
297.9136
298.4621
298.3586
298.7021
299.2766
296.9377
297.8836
298.0502
297.2445
298.7145
298.4301
297.5057
297.1810
297.6827
297.6656
297.7237
297.2138
297.6205
297.9258
297.6994
297.6335
298.6218
297.2620
297.8655
297.2208
298.2482
298.5273
297.5673
297.2974
299.3878
297.4196
297.6704
299.1671
297.9970
297.6233
299.3911
298.3320
297.7542
298.2264
297.7535
297.9845
297.5645
297.4608
298.5237
297.8709
297.2842
298.5019
296.5596
297.5014
297.7092
298.1140
298.2329
298.4771
298.3661
298.0056
298.8064
298.3008
296.9265
297.1011
298.1382
296.9302
298.0916
297.6382
298.7577
297.6496
297.1439
296.9925
295.9856
297.0297
296.6347
297.1376
296.5629
297.4516
296.1123
297.8417
296.4051
297.4669
298.2062
297.0545
297.9452
296.4607
297.8300
296.7919
297.9368
298.7381
298.8476
298.5800
299.1689
298.1644
298.8319
297.9638
298.9372
298.3688
298.5196
297.8502
298.4446
298.8423
298.4907
299.0058
298.5015
299.3177
297.0744
298.0342
299.4034
297.9056
298.1952
297.0778
298.6969
298.8643
297.8850
299.5527
298.4709
297.2661
298.3619
299.2104
298.5694
297.8447
297.9664
297.7089
298.9771
298.6276
298.2081
297.9117
298.2231
297.5280
298.1892
297.3177
297.5104
297.9083
298.1860
298.7556
297.6038
297.7196
297.9210
299.5922
298.0255
298.7879
298.0075
297.5500
297.0496
297.9374
296.9687
296.8370
296.4665
297.8107
297.5719
296.5570
298.3610
298.2348
298.4714
297.6366
298.2917
297.3033
298.1787
297.7526
298.2580
298.1793
299.1265
298.2699
298.4404
298.0741
298.6409
297.8864
297.5217
297.3528
296.3262
296.6094
296.9649
297.4721
296.8630
297.9448
297.7238
297.9351
297.5768
297.3540
297.4264
297.4739
296.7263
298.0304
298.3378
298.2782
298.2719
297.8050
298.2305
297.8414
298.0067
297.4655
297.8633
297.7388
296.9383
298.5061
297.2205
297.8154
298.5476
297.4467
298.3552
298.4561
298.1239
298.3786
298.2111
298.0207
297.0446
297.4449
297.7091
298.9283
298.4555
298.4275
298.0936
297.9198
298.5105
298.3326
297.8754
298.4023
298.9829
299.2483
298.5007
298.7378
297.8928
296.7184
296.5514
297.9263
297.2366
297.8415
298.5613
298.4962
298.0675
298.8782
297.1415
296.9308
297.3038
298.9353
297.5674
299.4927
298.0192
297.6703
299.6347
298.1900
298.4531
299.3367
298.1506
298.1710
297.0915
296.0743
298.2867
297.5741
297.6086
297.2377
297.1045
298.2977
297.4142
296.9514
298.5079
297.2550
297.8862
298.4014
296.3187
298.6926
298.0465
297.3784
298.3106
297.8721
298.1377
297.8105
298.3940
297.4363
297.8695
298.1283
297.4187
297.3382
297.3181
297.2741
298.8558
298.2940
298.4813
296.5590
297.8183
297.6452
297.2932
296.7776
296.4895
298.7399
297.4114
299.6496
296.1010
299.0281
298.1551
299.8847
298.2682
296.5594
299.3280
298.6228
297.7100
299.3895
298.2929
298.5632
298.1147
297.6883
298.6009
298.4560
298.5413
297.9580
297.4586
297.8860
299.6082
298.3847
296.8703
298.4988
295.9353
297.5947
297.7989
297.6459
297.7620
298.3142
298.3780
297.7181
297.9305
298.7582
298.1256
298.1362
296.7331
297.5433
297.9873
298.8231
298.7622
298.3942
298.6321
298.1063
297.7355
298.0261
299.4251
298.1950
297.1061
297.3764
298.2093
297.5415
297.6059
297.1068
298.0718
297.7291
298.9091
298.7664
299.7875
299.0439
298.4624
299.6133
299.1285
298.8284
300.0830
298.8629
298.9954
300.1204
299.8792
299.2319
297.4012
298.7639
298.1916
299.6035
298.3954
298.5020
298.4397
297.9922
297.6889
297.3216
299.3725
299.2846
298.2121
296.9676
297.4822
297.2098
297.8198
299.1542
297.3954
298.5269
299.2997
299.3041
297.9595
298.4020
297.5028
297.8609
297.5896
297.9117
297.9772
298.2052
298.1854
299.5957
298.8189
297.2166
299.2806
299.4851
298.2160
298.9636
297.8706
297.3238
297.9678
298.6772
297.7768
299.0722
299.5342
298.8710
297.3755
297.6739
298.2663
297.9173
298.6199
297.7080
297.4364
297.6283
298.3929
297.5002
297.7707
297.9994
296.8874
298.5416
298.4079
297.9212
297.3927
297.6402
297.1012
297.7537
297.4939
298.6831
298.7044
298.1554
297.5730
299.1690
299.4304
298.4729
298.8288
297.6153
297.7655
298.2633
298.2577
297.6980
297.6044
298.7087
298.3246
297.8741
298.8136
298.7946
299.0530
299.4435
299.4367
297.9156
298.6986
297.4931
297.1604
