298.7797
298.2103
298.0090
297.9330
298.0132
297.9241
296.2939
298.3997
298.4077
297.5625
298.0038
298.3308
298.1049
297.6827
299.1443
298.7154
299.6061
300.2592
298.2009
297.6164
299.0219
297.7556
297.9746
298.2106
299.1885
298.7475
298.4049
299.1332
299.2887
299.0066
298.6544
299.2168
297.7246
298.0942
298.2524
300.2991
298.3811
297.7334
298.2989
299.3132
300.0514
298.0031
298.5425
298.8144
298.7746
298.8329
299.8190
299.1092
297.7209
300.1741
298.7937
297.7315
298.6965
298.2975
298.3717
298.4010
298.4439
298.7517
297.8958
298.8951
298.2547
298.0197
297.5823
299.2538
297.9588
298.2602
298.0937
298.5732
298.9471
297.6155
298.4218
298.5138
297.9322
296.4254
297.1604
298.2626
297.3545
297.6653
297.1087
297.4993
299.0212
298.5653
298.7314
298.9161
297.7333
298.2141
297.9815
297.8952
298.1746
298.5067
296.9435
298.6277
296.9905
297.4507
297.1652
298.2387
297.6112
298.0327
299.2222
298.4390
298.5970
297.7467
298.7240
297.9029
298.6796
299.0730
298.0263
298.2577
297.1045
298.2077
297.3899
296.9530
297.7106
298.9578
298.0405
298.5526
296.8921
298.7553
298.0198
298.0788
298.2736
298.8964
298.5638
296.3260
297.4122
298.9036
297.5982
297.7231
298.0336
297.9697
298.5974
297.6174
299.4827
298.4130
297.7285
298.0207
298.4318
298.9607
298.3012
298.3226
298.3006
298.3360
297.9367
298.9784
298.9547
298.8514
299.1186
297.2907
299.0820
299.1290
297.7241
299.2950
297.7232
298.6097
298.5660
298.0944
298.0341
298.6619
299.1349
297.7224
298.5448
298.7353
297.8743
298.2138
298.6917
297.2606
298.8387
299.0548
299.6909
298.9210
299.3120
298.7481
299.2697
299.7600
299.4835
299.0583
298.2237
297.1119
298.5374
297.2016
298.7302
298.3684
297.7169
298.4343
298.4034
298.8538
297.4446
298.1722
298.2383
299.0122
297.8214
298.4174
298.4359
298.6058
297.7546
299.1031
298.3295
297.9406
298.7164
298.0837
298.0403
297.5081
297.8294
299.1146
298.8021
298.6145
298.5812
297.8389
297.6754
298.1306
297.6628
297.9262
297.1514
297.4550
298.7580
296.8362
298.3003
297.7229
299.0866
297.3834
298.0852
298.7717
297.4236
297.3980
296.8477
298.9083
297.9023
297.7681
297.0401
298.1920
297.5817
297.1915
297.8644
296.5644
298.3055
297.6932
297.8275
299.0232
296.6291
298.6620
297.4462
297.4780
297.9117
298.3425
299.2436
298.8520
298.0938
298.1115
298.0298
298.1021
298.0624
297.1712
297.3554
297.5387
297.8519
298.5434
298.4242
298.1297
297.6975
299.2547
298.6689
298.5115
298.2505
298.2622
297.8195
298.1689
297.4538
297.6447
298.0577
297.5877
298.5931
298.8222
296.8505
298.3189
296.9785
297.5181
298.0269
297.4392
298.3000
298.0921
298.1029
297.6041
297.2237
298.5475
298.1384
297.6756
297.5559
298.6342
297.9211
298.2816
296.6660
297.0671
297.7953
297.5198
298.3179
298.2305
297.9819
297.8123
298.1193
297.9805
298.3246
298.4796
296.9585
297.2322
297.2660
295.8075
298.1155
297.6571
296.6536
297.9812
297.1246
296.3911
297.5215
297.6035
297.7554
296.4473
299.1542
297.6991
298.2697
298.6875
298.8058
297.6306
298.2045
298.6244
298.9976
297.7344
298.7769
298.4541
298.4487
300.1950
299.0064
299.4175
299.4758
298.8460
299.1405
299.1637
299.8594
298.3681
298.8528
298.2851
298.4186
298.6880
298.4807
298.1682
298.3556
297.8352
298.2234
298.7503
296.9025
297.2253
298.9596
298.0359
298.8060
298.2195
298.8642
298.1080
297.6664
297.3605
297.8914
296.7216
297.3195
297.4308
298.1843
298.4125
298.1728
296.5377
297.0483
297.5931
297.6435
297.7628
296.9901
296.8755
296.9335
297.3087
296.6946
297.3349
297.9306
296.2282
296.1038
295.7316
296.5737
295.6627
298.0574
296.8702
296.6643
296.9337
298.0270
298.9026
298.0357
298.1023
297.4260
296.5220
298.1919
299.2925
298.3097
297.1763
298.6379
297.1136
297.7017
298.4990
298.0798
297.3467
298.1975
297.1725
298.6506
297.6575
297.9811
297.9555
298.0298
296.7040
297.5044
296.8005
298.1510
297.8769
298.6765
298.5838
298.4570
299.3235
298.8226
297.8754
297.1977
297.6588
298.7584
297.9908
297.4029
297.3665
297.2517
297.2946
298.1464
296.9458
295.6705
298.6740
296.7737
297.7923
297.0267
298.0529
297.2681
296.6768
297.8090
298.2882
298.4624
297.3394
298.0346
297.4098
297.1042
298.8497
298.6134
298.9628
298.7640
298.5934
298.8396
298.7364
297.9493
297.0320
297.9279
297.7872
298.4985
297.5990
298.0156
298.2262
297.9145
297.9684
298.4391
297.5138
298.4885
297.4996
296.6841
297.5236
297.6984
298.3115
298.1072
299.0901
299.0457
297.8103
297.8287
297.8783
297.4372
297.0407
297.6461
297.2513
298.6787
297.8389
298.2836
299.0883
297.7066
298.4479
297.8994
298.8305
296.7400
297.7833
298.0955
297.6732
297.3756
298.0620
298.0782
297.5071
297.4191
297.2563
297.5981
297.7796
297.6568
297.9290
297.9116
298.2596
297.8962
298.5601
297.7361
297.1729
296.8940
297.7432
297.8704
298.4128
298.7268
297.8013
298.6254
298.2333
298.5044
297.9945
297.6803
296.6297
296.0378
296.6527
299.1404
297.7520
297.2528
297.4778
297.2334
297.6693
297.8714
297.3047
296.3671
297.1692
297.0013
298.0815
299.2441
298.4424
297.2044
297.8536
297.4554
298.8387
297.3428
298.6658
298.0435
298.3379
298.0003
297.8246
299.1351
299.1636
298.2151
298.0681
298.6272
298.8436
298.3101
298.0501
298.8790
297.8748
299.5051
297.6662
297.9019
299.3462
300.0916
298.9928
299.9167
298.7293
298.2349
297.2630
299.4594
297.6596
297.6091
297.8090
297.9234
298.1789
297.5158
296.0019
296.7821
297.2566
296.7867
297.3630
298.4893
298.4405
298.4601
298.4095
299.3147
298.7951
298.2874
298.4135
296.8052
297.1889
297.9941
297.1622
299.1529
298.5418
298.3415
297.2039
297.9872
297.4085
297.2063
296.7544
297.5771
298.3036
298.1107
299.9873
298.0627
297.3879
298.9451
298.9745
299.0713
298.6422
297.8008
297.9766
299.1593
299.0245
299.8208
298.4238
297.1665
297.8575
298.4956
298.4666
296.5967
297.1462
297.6542
297.8148
297.7202
299.4727
297.4559
297.5169
297.2130
298.9475
299.2605
296.9957
298.6551
298.3954
297.8055
298.8021
298.3781
298.2426
299.4139
297.7683
298.3747
298.3353
297.7244
296.2993
297.9797
298.6853
297.3121
296.9263
298.2422
296.9457
297.2577
297.7689
297.6503
297.8824
298.4070
298.5048
296.5812
298.2432
297.5056
297.8563
298.7668
296.2486
298.7287
298.4639
297.4153
298.0154
297.6609
297.7776
297.2236
299.2206
297.6436
299.0696
298.9478
297.3027
298.2934
297.9594
298.0200
297.1850
297.0810
297.4425
299.3794
298.1930
298.0210
298.5334
297.7353
298.2129
297.9111
296.9392
298.6628
298.6188
298.3683
297.8829
297.0717
297.5956
299.1537
298.2069
296.9644
297.1937
297.2445
297.5227
297.3586
297.4037
298.3700
298.9205
298.8745
298.6978
296.8374
297.6865
297.0026
298.3596
298.4141
296.4937
297.9716
297.4971
298.1581
297.7563
297.7599
297.2042
296.9651
297.4297
297.5312
297.8252
297.4156
297.5468
297.6663
297.8045
297.5294
297.8147
296.9642
298.8964
299.5344
298.9420
298.1516
296.9441
298.1365
297.6349
297.3431
297.3302
297.7353
298.2209
296.9948
297.1028
297.8108
298.0278
298.5610
297.5003
297.5407
297.5050
298.6618
297.0100
298.2163
297.5668
299.8432
299.0868
297.4835
297.6124
298.2026
297.7424
296.8739
298.6210
298.5433
297.3659
298.0644
297.0887
297.0830
297.6587
297.9512
297.4444
297.4172
298.5056
298.6207
298.1931
299.4239
299.5381
297.8662
299.3835
298.3523
298.6239
299.1622
298.6048
298.4982
296.7030
297.8068
298.5391
298.4928
299.6223
298.8508
298.3746
299.0576
297.9377
297.0826
297.0113
298.4637
297.6509
298.7232
298.3169
298.7424
298.7606
298.2937
298.0578
299.8368
298.1128
299.8580
299.6736
299.6521
298.3016
297.9708
298.7820
299.2854
297.9506
299.0139
298.9870
298.4145
298.1397
297.7767
298.8320
296.9532
298.4548
298.7490
297.9789
299.0055
298.6630
297.4575
298.2701
297.1754
298.3527
297.4047
297.5378
298.1291
297.9500
297.4190
296.5637
297.7611
298.0527
297.4299
298.1190
298.2905
297.4135
298.9028
297.5353
298.7300
298.7046
297.7437
297.8049
298.2619
298.1117
298.1644
298.7774
298.0993
300.8140
298.2168
297.4936
296.9599
297.9879
297.8797
297.4633
297.4803
296.4810
297.7598
299.1978
298.5489
297.6064
296.6813
297.5591
297.7748
298.1059
298.7197
297.8290
298.2928
297.1318
298.8264
296.8877
297.6289
297.2600
298.4227
297.8594
298.4532
298.5420
299.7645
298.5606
298.7473
298.0827
298.4458
298.2432
296.5023
298.2748
297.8556
297.0602
297.8920
297.9042
298.0330
299.0192
297.7736
298.5345
298.5990
299.7812
298.8758
299.7463
297.5381
298.0621
299.0865
298.2181
298.0956
297.4393
298.2712
298.5090
298.2323
297.0619
297.9133
298.3021
297.8695
298.8634
298.7422
298.0089
298.4517
297.8961
297.1721
297.2654
298.7066
298.3753
297.7392
297.0714
298.5321
298.1166
297.2678
298.5081
298.8520
297.7213
298.8499
297.9730
298.6777
297.5502
298.3576
297.8166
297.6364
296.6522
298.3562
298.0735
298.1864
299.1743
298.6865
299.6194
298.5849
298.3059
298.8170
298.9417
298.3643
298.6379
298.0686
297.3733
298.4716
298.8938
298.3198
297.5411
298.9421
299.1188
297.4698
298.7277
298.1890
299.0930
296.7258
297.6623
297.9447
298.7770
297.9431
298.4686
297.1815
298.0751
296.4999
297.6398
297.4007
296.7854
297.7551
297.8333
296.8636
296.8636
297.0680
296.9077
296.9675
298.4123
298.9288
298.4361
297.4908
297.9532
297.3417
298.2203
298.6577
298.6507
298.7934
299.3271
299.5110
298.8420
298.1874
299.3004
299.6249
298.4218
297.7788
297.4148
297.8124
298.4072
297.4256
297.6006
297.9301
297.6815
297.4215
298.5722
298.1193
298.7346
297.6512
298.1239
297.7450
298.8183
298.8443
297.2326
297.8945
297.7707
297.1870
296.8254
297.4982
297.5438
297.5122
297.1930
295.9811
297.6418
297.8657
297.9168
298.6974
297.8147
296.9005
297.6440
298.1065
297.1491
298.3439
298.0625
298.3991
297.4134
297.3344
298.8977
298.4803
298.9325
298.1000
298.9857
298.4951
297.4196
296.3667
297.8082
296.8352
297.7191
297.1181
298.6927
297.1417
298.9259
298.5614
298.7695
297.9592
297.6199
299.7856
298.1119
297.3443
297.8883
296.7675
298.2648
298.7699
299.2970
299.1814
298.1679
298.4196
298.2259
297.9665
298.0197
297.7448
297.7476
299.0274
297.5680
298.4773
297.6913
298.5230
297.2533
298.3730
299.0216
297.8019
298.3063
297.9837
298.3555
297.4699
299.2050
298.3343
298.3200
298.0741
298.2934
298.3626
297.7025
297.9660
297.5539
297.4130
297.9447
298.9459
298.9776
300.9431
298.4318
298.6320
298.9506
298.0149
299.0094
298.9839
298.0444
297.5473
297.8636
298.6115
299.6042
298.1295
298.3929
297.4567
298.7778
298.2080
299.1446
300.0446
297.6446
298.1153
298.7521
297.6801
298.2325
299.5034
297.7751
298.7496
298.2694
297.7282
298.0707
298.6593
297.4520
297.7162
297.8161
298.0556
298.0864
298.3738
298.0017
297.2129
297.5902
297.4848
298.2082
296.7082
297.5890
298.1499
297.2435
297.5627
299.2623
297.3331
297.2577
297.9605
297.8909
298.2032
296.6557
296.5362
296.4627
296.8101
296.9010
297.2759
297.5672
295.8199
298.6827
297.1797
296.8724
297.6768
297.7018
298.4738
298.0298
298.7304
299.0306
298.7248
297.0284
297.8252
297.2736
298.2601
299.1504
298.9645
298.3155
298.1342
298.3212
299.6375
298.4065
298.3471
298.1974
297.7990
298.9556
297.1018
297.2589
298.5277
297.6640
297.6222
297.8468
296.4396
297.4881
297.9184
298.2471
297.6778
298.9118
298.3936
298.1176
298.3482
297.6391
298.9280
298.7636
299.5429
297.7644
299.0335
299.3437
297.9066
298.7560
298.9679
298.0649
297.5335
298.0505
298.2930
297.8663
297.9521
298.2194
298.3827
299.1558
299.1872
299.0162
297.8805
299.5202
297.9718
297.5834
298.5135
299.6698
299.8295
298.6000
299.0900
300.1372
300.1306
298.8565
297.1739
298.3586
297.9772
298.6662
296.5495
297.8172
298.1944
297.1698
297.3876
297.6509
297.7914
298.9578
299.8103
299.3589
298.5607
298.7984
298.3796
299.5487
298.3032
299.2597
296.6737
298.1163
298.5462
298.2938
298.4384
297.4837
298.2321
299.2404
298.0759
298.0046
298.8403
298.9275
298.2201
299.1317
299.4786
299.1211
299.2874
298.6444
298.2670
296.7995
298.8383
298.5897
296.7464
298.1903
297.5109
298.6183
298.2543
299.3292
297.3281
297.3140
297.8775
298.5216
297.2753
297.3647
296.8428
297.7699
298.1762
298.4411
297.9871
297.7469
297.7488
297.5897
298.9028
297.4953
298.2596
298.3435
298.9224
299.0405
298.2996
298.6246
297.7215
299.2969
298.1699
297.9616
297.9277
297.5485
297.3441
298.0349
298.2076
298.5304
296.9791
298.5791
297.9944
297.3370
298.7782
298.4559
298.2334
298.9159
299.2263
297.5300
298.6360
297.3859
297.1087
297.1079
298.8165
298.0230
297.7116
296.8251
296.6956
298.2248
299.1852
298.6856
298.3914
296.2300
298.0341
297.9493
298.2339
298.2254
297.4008
298.2052
298.5544
297.3839
297.5817
297.1117
297.0683
296.5945
297.1036
297.5632
296.6390
297.7952
298.7808
298.0411
298.4890
299.3578
298.9557
298.9711
297.0362
298.7853
298.3217
298.8975
298.6474
299.1963
298.5609
297.0582
298.1400
297.8429
298.3236
297.7180
298.0834
297.7394
298.0273
298.1810
297.7348
298.5749
296.9888
297.9079
298.2119
299.1515
299.4353
299.4151
298.1527
298.0136
297.8063
297.6678
297.2566
298.4675
296.8950
297.6157
297.7564
297.4154
297.6852
296.9706
298.0710
297.8212
299.3412
298.5378
298.6699
298.5667
297.8488
297.5643
298.2518
298.3777
298.0391
299.1964
297.9633
298.1284
297.9240
299.8441
299.5755
298.0359
298.0886
299.2281
298.0456
299.6747
298.1845
299.8481
297.9766
297.2930
298.4412
298.0824
295.8884
298.7169
297.4873
298.2903
297.2940
297.4766
297.3093
297.8266
299.0370
296.1322
296.6279
296.2738
297.2721
297.6437
298.8269
297.2754
297.8648
297.6551
297.5887
297.8956
299.1572
298.4084
298.1395
297.8284
297.3072
299.1142
297.2373
299.0954
298.6300
298.5225
297.9822
298.5226
297.5398
298.3117
298.8227
297.3170
298.0547
298.2389
297.3241
297.2896
296.6423
296.6607
296.7450
298.8084
298.4714
296.8842
298.5003
297.7197
299.0482
298.5950
297.8245
298.0475
297.5269
297.4890
298.4073
298.4994
299.3114
298.2149
298.5725
298.8981
297.0920
298.9425
297.6853
298.3115
297.9049
297.3893
298.1698
297.8729
297.6591
298.2712
298.4749
297.6059
297.2620
298.1328
296.7571
297.0549
297.9559
297.2333
297.7614
297.0577
297.4761
297.8669
296.7908
297.8043
297.1242
298.2698
298.5152
297.0787
298.5627
297.1931
297.7375
298.9253
298.4040
298.7577
299.0744
297.6565
300.2454
299.7329
299.2979
298.5328
298.5829
297.9525
298.5786
297.8464
297.9804
298.1385
299.1450
299.8195
297.8302
299.1970
299.4540
298.1764
299.8726
298.1733
299.0050
298.2473
299.3727
298.5817
298.4265
298.0994
298.3487
298.9160
297.8382
298.4557
297.9759
297.9583
298.1771
298.8358
297.1830
299.5504
298.5972
298.3128
298.6461
297.3562
297.8837
297.5819
298.3437
298.3701
299.1842
298.1872
297.8391
297.8755
299.3785
299.3782
299.2730
298.1746
299.3415
298.6213
298.3718
298.7253
297.6705
297.9884
297.2271
298.0995
298.0103
295.6315
296.6373
297.7798
298.2246
298.0459
297.1563
297.1947
297.0872
296.6971
297.2963
296.8372
297.0006
299.3768
298.2680
297.8264
298.9688
297.8057
298.0299
297.9271
298.1106
297.8698
297.6361
296.7789
298.5961
297.8336
296.5106
296.8601
297.7132
297.6964
298.7135
297.7901
299.1767
298.4703
298.2106
297.5606
298.0253
297.2931
298.7240
299.2293
297.7808
298.7744
297.8334
298.4890
297.2237
297.2182
298.5762
298.7627
298.6181
299.2565
299.1666
297.9713
297.9215
298.3835
297.5662
298.4066
297.7565
298.6841
298.1077
298.0330
297.1913
297.8916
296.9470
297.2527
296.4965
296.2013
298.5098
297.6378
297.7817
298.3529
298.0136
296.9909
297.5236
297.2069
298.5403
298.1796
298.1153
296.6307
296.7112
297.7331
295.8350
297.9580
297.7431
298.1654
297.1958
297.0066
298.0879
298.6598
298.5262
298.6047
298.8696
298.2424
298.3088
298.7936
297.8626
297.2942
299.0703
297.4228
296.7716
297.7667
298.1321
297.9341
296.7881
298.2653
298.2313
298.5055
297.9331
297.4018
296.3927
297.4537
298.7246
297.8155
298.6205
298.1218
298.6084
298.0892
297.8423
297.1643
297.2330
297.9786
296.7861
297.9926
297.1081
296.9844
297.8161
297.4211
296.6517
296.9380
296.9237
297.9516
298.5462
297.7484
297.8834
299.3569
297.8587
300.1668
298.3765
300.3775
299.8155
297.5237
298.7553
299.0623
298.7774
299.7487
298.3722
299.5666
297.1032
296.6970
297.6402
298.6560
298.1780
298.8157
297.4450
297.8125
298.6523
297.6520
298.0284
297.5536
298.1986
299.2108
298.7340
298.2813
299.2270
298.9576
298.7968
299.3869
298.2616
298.0355
300.0675
298.3691
298.9053
298.2883
297.9781
297.3816
297.1259
296.8602
298.6947
297.8349
297.8912
296.8802
297.1102
297.8188
297.4626
298.1778
298.3780
298.3534
297.5161
296.5095
297.5843
297.3645
296.8483
298.2170
296.9251
297.7172
297.7194
298.1250
298.1428
298.1493
299.0647
297.8586
297.7753
298.7251
298.0479
297.9161
298.8133
298.4372
299.1252
298.5412
298.6456
298.2737
299.0780
297.8554
300.1607
298.4483
298.1725
299.1572
298.6037
298.5838
299.9128
298.4847
299.6651
299.1453
298.9793
298.5331
298.9928
299.1300
299.4467
299.2249
298.3609
296.7025
298.1718
298.0584
298.8947
298.7398
298.4972
298.0278
298.6378
298.2622
298.0237
296.6232
298.0587
297.2825
299.1285
298.2433
298.2641
298.5640
298.2988
298.7413
297.5596
296.8479
299.3928
298.1028
298.5798
298.0849
298.0691
298.4490
298.2381
298.0287
297.7152
297.8320
298.4038
298.2406
297.7768
298.4142
297.1177
297.4689
300.1261
297.6675
298.5476
296.9461
297.5505
297.4285
296.8847
297.4429
297.6780
298.2704
297.8097
297.8137
297.8512
297.9193
296.4803
298.4460
298.6214
297.5279
297.5990
297.6073
296.8773
298.2817
296.9705
297.9086
298.0092
296.9461
297.1141
298.0806
297.9760
298.2645
298.2857
299.8019
297.4295
297.3590
297.2988
298.1524
297.2187
298.3348
298.6309
298.3607
298.2507
297.0113
298.2838
297.7643
297.5014
298.1382
298.7622
298.7127
298.2425
297.5731
297.2937
297.6537
298.7124
297.3268
298.4495
298.2248
299.3489
298.5325
298.6735
299.3528
297.8965
299.2047
298.4654
299.2746
297.2719
299.2050
297.7096
298.5805
298.3533
296.9400
297.9210
297.4488
298.6663
299.2696
298.5467
299.0578
299.5019
298.7353
299.5206
299.5045
297.9253
299.4983
299.9648
298.5428
297.9626
297.5733
298.0317
298.5753
297.8299
298.6036
297.0519
297.5716
297.6354
296.3360
297.9439
298.0793
299.0669
298.3112
298.1215
296.6036
297.9503
298.8324
299.0068
297.2699
297.7186
298.4031
299.0290
298.0270
298.7183
299.8021
299.1097
298.8217
298.4798
299.3845
297.8722
299.1335
298.9198
299.3201
299.4877
299.2982
298.8935
298.3371
298.5732
300.3361
298.0984
299.3397
297.6919
298.0221
298.1988
298.8500
298.0180
298.5722
297.9575
297.7126
298.4549
297.4638
297.2096
298.8321
298.5909
298.2320
298.1048
298.4465
297.3467
298.1099
298.3370
298.4432
298.1285
297.9394
298.9190
297.8434
298.8640
299.1053
298.5263
298.7072
298.6701
296.5830
298.7887
297.6396
298.8240
297.5046
297.6527
299.0687
297.6157
298.6239
298.2822
297.6974
297.6987
298.1814
298.6007
298.9302
298.7642
296.4005
298.6862
297.1966
297.8507
298.6453
297.9354
297.8314
296.9267
299.4872
297.8941
298.8829
299.4768
298.6578
299.4206
297.9852
298.5677
298.7116
298.7385
297.3662
299.2676
298.0358
298.0361
299.8383
298.8465
298.6035
298.1077
298.7349
298.3159
298.1950
299.1630
297.9279
298.4395
297.9002
297.6586
297.6602
298.5433
298.5783
299.5418
298.1413
299.5218
298.1704
298.8842
297.8063
298.1436
299.6956
297.6487
296.9863
297.7133
297.9564
298.3354
298.7793
297.7493
298.1514
298.7321
298.3716
297.5180
299.2200
297.6426
299.1592
297.9500
298.3189
298.3567
299.4040
298.8091
296.9327
297.8027
298.0375
299.1053
298.2130
298.3489
299.6065
298.8560
300.0106
299.2297
298.4653
298.3252
299.4627
298.1739
297.5688
299.6794
298.5381
297.7874
298.1301
297.8503
298.3673
297.8056
297.8209
297.1933
297.5925
297.7610
297.6589
297.9401
296.7585
298.9269
299.1567
298.5393
298.3639
297.7125
297.7634
298.0958
298.1289
299.1822
298.6731
297.8970
298.5078
299.0604
297.7992
298.7058
298.1868
297.2315
297.0400
297.6574
297.9566
297.6375
297.6611
298.5977
296.8936
297.3995
298.0023
298.9785
298.1567
296.7095
297.8202
297.3316
298.2232
296.9186
297.8655
298.4519
298.9091
297.6997
298.0098
298.1771
299.6045
298.5279
299.4308
297.5783
297.8332
299.0127
299.1966
298.1107
298.2065
298.1170
297.1813
297.7606
298.3490
298.1770
297.9921
299.2748
298.6367
297.9637
296.8775
298.9643
298.3281
298.4940
298.1377
298.2397
298.4262
297.9206
297.4593
298.3881
297.8328
299.4225
298.1945
297.8498
297.7684
298.8768
299.2236
298.0115
297.9523
299.2305
297.8298
298.2586
297.2342
297.7953
298.1017
298.8234
298.7539
298.1450
299.6374
299.5693
298.8241
299.7272
297.7214
298.9402
298.1613
298.8447
298.1822
299.0070
298.2351
298.4657
298.7176
297.3568
299.9305
299.2078
298.7039
298.1309
298.3626
298.7876
298.5463
298.0462
298.2515
298.6649
299.1205
299.0537
298.3242
299.1196
297.9295
298.6601
299.2922
298.5731
298.5482
299.5210
297.9826
297.0707
298.2135
298.7004
298.1888
297.7478
299.8092
298.9828
299.4919
299.5723
298.2657
297.4550
299.0085
298.3049
298.9479
298.9456
299.2065
298.6637
299.1037
299.0931
299.1500
298.7616
297.2189
298.3240
296.8731
298.2081
298.1470
298.1982
297.5532
297.4425
298.9792
299.3795
298.8117
298.6625
298.6572
298.6522
299.4155
297.8628
299.2283
300.5927
300.6077
299.8003
298.1012
299.6732
298.3100
297.8032
297.5246
298.1558
298.7550
299.2361
298.7700
298.3795
298.0524
299.8445
298.9821
297.5504
298.7992
298.4345
296.7802
297.9565
298.4217
297.7867
298.5616
299.7577
297.8151
298.4273
299.1483
298.4003
298.6267
298.9603
298.9005
298.2811
298.0528
297.1551
297.1164
298.3567
298.8444
298.9574
298.2380
297.7590
298.5523
299.1572
297.6974
298.4879
299.2998
298.0550
297.7345
298.3108
298.5659
296.3799
299.3772
298.2398
298.4146
299.3674
300.0653
299.5613
299.8286
299.9520
299.1905
299.8470
297.9350
297.8272
298.8506
298.1949
297.8112
297.9747
298.2420
298.0143
297.0707
298.0189
297.2196
297.3996
298.3615
297.1375
297.8504
297.7993
298.9108
298.2715
297.1387
299.2572
297.5465
297.1634
297.5041
298.2460
298.4199
297.6783
297.9875
297.9099
298.2372
298.2011
298.3367
298.4009
297.5460
297.5501
298.5082
298.7454
297.8837
296.3318
299.2896
299.0514
299.1814
298.4808
297.6957
298.0929
297.9267
297.0822
297.6085
298.5983
297.7035
297.2649
298.0268
297.7207
297.8006
298.3862
298.3767
298.7587
299.8400
297.6403
299.0635
297.3836
297.2894
297.3677
297.6441
297.8331
298.2596
296.5337
298.0347
297.7997
298.2133
297.9803
298.1820
298.1067
298.5533
298.5080
297.9042
296.8845
298.1911
298.7716
297.7488
298.4129
298.0909
297.1938
298.2736
297.8074
298.4140
299.4315
299.0064
297.8336
298.2049
298.3232
299.7557
297.8999
299.7729
299.7399
298.3423
297.3071
297.3429
298.0062
298.7376
298.0895
297.3408
298.0867
298.5929
297.3137
299.0678
296.8447
298.3994
297.8847
297.8822
297.3437
296.6752
297.8815
297.6535
297.7563
297.6801
298.4843
298.9541
296.5146
299.0725
297.4490
298.6124
297.6027
297.0684
297.0704
297.2612
297.6725
296.7516
298.1811
296.8386
298.0187
297.7924
296.6566
297.1887
297.0550
297.2233
296.4940
297.4385
297.5434
296.3320
296.5754
296.4374
295.7742
297.2431
297.5005
298.0826
297.3133
297.3780
297.3365
297.9566
299.0616
297.0441
297.3638
297.8246
297.1991
298.0457
297.6613
297.5385
297.4295
296.3863
298.2208
297.2382
297.4107
296.7421
298.3254
297.8283
298.6252
298.5243
297.4916
297.8189
298.9493
296.9809
298.0147
297.8264
297.7625
299.7103
297.6965
298.5508
297.8716
297.0510
297.3702
298.3380
297.6378
299.2298
298.2329
298.8937
298.5125
298.5779
296.6121
297.1542
297.3683
297.1110
297.2602
297.4245
297.5582
297.4772
297.9011
299.5355
299.1820
298.2525
298.5315
297.9653
299.0989
299.1358
299.5549
298.8483
298.9266
299.4894
297.2343
298.2126
299.0666
298.4722
298.8818
297.5888
298.2012
298.7412
299.6881
297.7912
297.9649
299.0548
297.6964
299.5669
299.2670
297.5060
296.6520
297.3552
297.9295
297.0527
298.2034
297.5315
297.4170
296.6126
298.6698
297.4391
297.2260
298.7732
298.5921
297.4940
297.6644
298.6385
297.8679
296.1803
298.4298
297.8121
299.4327
297.6759
297.7067
297.6275
296.7907
297.5905
298.0509
297.7814
296.6942
297.3893
297.0786
296.8314
297.0160
296.7741
297.3198
297.2210
297.6822
297.0860
297.1141
296.1712
296.3637
298.1310
296.9530
297.3564
297.5792
297.7466
297.9178
298.0694
297.1028
297.6206
296.5945
298.0281
297.4010
297.7045
298.6079
299.1607
298.6946
298.2231
297.9308
297.4916
297.7071
297.9938
297.4448
298.0085
298.0472
297.0229
297.8321
298.4522
298.0114
297.7032
297.2877
298.3467
297.3145
297.4183
296.6461
298.1165
298.2763
296.3547
297.3579
298.2350
297.0170
298.0246
297.0954
298.6170
298.4093
298.2345
298.5931
296.7900
298.7909
297.5262
298.0150
297.3653
297.6699
299.0534
298.6504
297.9832
298.4090
297.6712
295.4058
297.2990
297.7923
297.2148
297.2536
298.0467
296.7034
297.3870
296.8514
299.1744
297.6910
299.0724
299.1544
296.5604
298.6046
298.6253
297.7333
298.7078
299.5754
298.7514
297.7246
296.9026
298.1657
298.7804
297.9514
298.2531
297.2085
299.0441
299.0493
298.6405
298.2546
298.4707
297.9938
298.2612
298.1419
297.0233
298.3219
298.2693
298.0057
298.5179
298.5105
298.0063
297.6929
299.1548
298.8893
298.7381
298.5566
298.6599
297.9643
297.3905
297.2448
296.9985
297.6840
296.4354
297.0762
297.6793
298.3772
298.7478
297.5081
297.1271
297.9481
298.1312
298.8053
298.2640
298.6434
299.6957
299.4194
299.2963
299.3835
298.1713
298.0739
298.5420
298.7318
298.1620
299.8169
297.9580
298.5863
299.2457
297.7536
298.5674
297.9941
299.1769
297.6283
298.2954
298.3988
298.1559
298.3913
298.4578
298.2266
297.3748
297.9439
297.6358
297.4854
297.8386
298.7279
299.0682
299.6241
299.0999
298.4435
299.0838
299.2429
298.8235
298.5390
298.5915
298.8195
298.7530
298.0655
299.1931
298.0972
299.7981
298.2094
299.4824
299.2250
299.8998
299.5885
299.2223
300.0054
297.1007
298.3031
297.3794
298.0250
297.3367
298.5835
299.1762
297.9335
298.4573
299.0360
298.8335
297.2688
298.3123
298.6180
298.8716
299.4785
299.6043
299.0298
298.3331
299.0927
298.9099
298.2003
299.6910
298.6279
299.5909
297.7896
299.0724
298.6488
300.0933
298.2195
299.3156
299.1273
299.2758
299.6600
299.3568
298.1707
298.0971
298.8939
297.5493
296.6037
298.7300
298.2369
298.5169
298.6671
298.5271
299.0649
297.9270
298.5771
296.7355
298.2204
298.4935
298.7386
298.9976
298.9049
297.6854
298.8403
299.7647
298.0816
298.6999
296.8891
297.1777
298.1177
297.9959
297.7458
297.4343
297.8055
297.6201
298.3647
298.0891
298.2910
297.8188
299.1105
299.6021
300.0344
298.9494
297.9058
298.3508
299.4127
298.8587
299.1143
299.2427
298.8112
298.7381
299.7450
298.0311
298.8785
299.3288
298.7137
297.0999
298.2281
296.7324
298.9820
297.4093
298.4496
297.5242
296.6004
297.2484
298.1411
298.0302
297.4350
298.3032
297.6703
297.4929
297.5838
297.9910
298.0645
298.5698
299.5857
298.8481
298.8975
298.4680
298.2809
297.4603
299.1516
298.6188
298.4119
298.1482
298.0758
299.0169
297.6373
298.4616
298.2436
298.9164
298.4013
298.2864
297.7494
297.8664
297.4650
296.8766
297.9505
298.1516
297.7792
299.0281
297.2279
297.6784
298.2838
298.5168
298.6665
297.6833
297.8194
299.1100
298.1257
299.0777
297.2596
297.3035
297.5903
299.2642
296.9459
298.3263
297.7187
297.0458
297.4853
297.5427
299.8771
297.5711
298.3058
298.4986
299.7923
299.3140
299.0912
299.4488
298.7052
298.4475
299.5265
298.7117
298.8805
298.9931
297.3423
298.0510
299.0578
297.4265
297.6104
298.7052
298.3462
298.6351
297.1954
298.8076
297.9813
297.6517
298.0798
298.1206
297.8757
298.1810
299.1583
298.5416
298.8693
298.0075
299.5671
297.8412
297.7330
298.1681
298.1417
298.1314
297.5252
297.6184
296.9401
296.9348
297.8785
296.5422
297.5534
297.8671
297.7214
298.4088
297.7569
299.4507
297.7219
298.9035
298.0268
298.1219
297.8508
298.6308
297.4052
296.4962
298.2720
297.9665
297.7159
298.0082
297.1294
298.8605
299.0611
297.6714
297.6984
299.3028
298.2059
298.2405
299.0414
298.8396
299.4435
299.5388
298.4181
297.2546
296.9777
296.5404
298.0223
296.7614
296.0296
296.6281
297.7758
296.1232
298.0007
296.4625
298.0870
297.1074
295.4379
296.8770
296.6699
297.5592
298.6514
297.5701
296.6873
297.6529
300.2268
298.9856
297.6315
298.3705
299.5539
298.1145
298.2257
298.3014
299.5235
298.5892
297.7858
297.4923
297.8887
298.6766
297.9915
297.0101
299.1404
299.2792
298.7501
298.3798
297.1020
297.6317
298.5153
297.8006
297.6047
298.1528
297.1986
297.9239
297.1581
298.0183
298.6999
299.0887
298.1830
297.7863
298.5542
299.1518
297.7185
298.3722
297.6745
297.3274
297.9654
298.0527
296.6906
297.9115
297.9397
296.9028
298.1475
298.6267
297.3785
296.8706
296.9670
296.8262
297.9747
295.2806
297.0573
298.4652
297.1194
297.6816
296.9978
298.7127
297.7016
299.2992
298.3667
298.2944
298.1194
296.8847
297.2919
298.3994
297.6824
298.3629
296.8462
298.0601
298.2529
298.0124
298.6826
297.7397
297.6334
297.4889
298.5290
298.9062
299.1653
297.3256
298.2106
296.6068
297.5451
297.4799
297.9804
298.2502
297.4815
297.8944
297.8799
298.9915
298.8416
298.7754
298.3131
297.9874
298.7069
299.3030
297.8402
299.7680
297.7283
298.8367
298.0037
298.6648
298.8080
298.7921
298.4485
297.3213
298.1436
297.2139
297.7943
297.4431
298.2677
298.4916
296.9950
297.4433
297.2510
298.7228
298.4855
298.0553
298.5225
298.8509
298.3565
299.7310
299.1729
298.7063
298.8166
298.2964
298.1966
298.4761
299.6121
299.2310
299.1544
299.0614
298.3865
299.7969
298.3597
300.1804
298.8452
299.0445
297.8897
298.2239
298.9826
298.2247
299.9640
299.7806
298.9416
298.2957
298.3669
298.3158
298.0174
296.3963
298.5553
298.4337
298.7054
299.7400
298.3914
297.4436
299.1510
297.8231
296.4613
297.6748
297.3057
296.7418
296.9268
297.2178
297.7444
297.6468
297.1666
298.1316
297.5376
297.6972
297.6458
296.2622
297.2694
297.5962
298.3727
298.4166
298.7952
298.2263
298.5171
298.1811
298.8651
300.4121
298.2131
298.3100
299.0857
300.4014
299.8679
299.8323
298.9663
297.6117
298.9267
297.7711
297.4799
297.2734
298.0273
297.9134
296.9535
298.1398
298.2679
297.4504
297.7306
298.2101
298.6509
298.7014
297.7799
298.4741
299.3397
299.4848
299.6214
298.8344
298.2097
299.0391
298.6166
298.4232
298.9121
299.9477
297.5696
298.5691
297.6290
298.8411
299.1969
299.7160
299.3758
298.7777
298.3344
298.3087
298.8157
299.0383
297.8714
298.0663
297.8894
297.9529
298.7137
298.6018
298.9463
297.9852
299.1655
298.9804
298.6911
298.9269
298.2729
298.1330
299.6017
297.9821
297.2280
298.4826
298.9385
299.0973
299.3232
298.8210
298.2394
298.8808
298.5817
298.3092
299.2126
298.3710
297.9298
297.5215
297.7223
298.9930
298.2800
298.0804
297.9332
297.3629
296.4541
296.5537
295.9179
298.2465
296.9340
298.6178
297.3024
297.0987
298.3047
298.7603
297.7751
297.9730
298.5138
297.8844
297.8713
299.3588
298.5406
298.3418
297.8320
297.9517
297.3545
297.6371
296.8291
297.7762
297.3564
298.6671
298.2400
298.8455
298.6891
299.2086
298.5083
298.7568
299.1216
298.6764
299.1662
300.4236
298.8796
299.2589
298.0290
297.8967
297.2680
297.8986
297.1547
297.0724
297.0940
297.3644
296.6000
296.8189
296.9114
298.2538
298.2125
296.9711
298.2784
298.4857
296.8429
297.5157
296.5312
297.9207
298.6220
298.1788
297.8710
296.4608
297.8079
297.5452
297.8397
298.6009
298.3308
299.3316
298.3488
299.4952
298.4268
299.3435
298.6531
299.2070
299.0159
299.2671
297.4174
299.8265
299.0260
299.3767
299.1398
298.1075
298.4382
298.5746
299.5559
298.3122
297.6626
299.2906
297.3026
297.8114
298.0134
298.5009
298.0168
298.7202
298.5742
297.6216
299.9968
298.3631
297.6975
298.1538
298.6764
297.7918
297.9351
298.3059
297.0723
297.8283
298.4476
298.8339
299.8858
297.0683
298.6622
298.8757
298.0982
297.7965
297.6608
298.5612
296.8249
298.7600
297.4723
296.9928
297.8288
297.6299
297.4090
297.9950
297.6919
297.9950
297.5510
298.1432
298.5025
298.2985
298.3395
297.7395
298.0339
297.2851
298.3762
298.7685
298.1696
299.8563
298.6071
298.3763
299.1244
299.4450
299.5637
299.2859
298.7107
299.4088
298.6798
297.9963
299.1084
298.8916
299.2513
297.5556
297.6717
298.0990
297.4130
298.9237
299.0920
298.7056
297.5149
298.4946
299.3327
298.1036
297.1263
298.4925
298.1932
297.9139
297.8568
297.7673
298.7791
297.7770
297.4091
296.7488
297.6265
299.3216
297.4917
297.2145
297.2663
298.0713
298.5997
298.1208
298.3476
297.7517
299.2602
298.5309
298.5379
297.9939
298.4884
298.5301
298.5590
298.2007
298.4513
299.0689
297.0561
298.0928
297.4320
297.2625
297.2869
298.0161
297.1305
297.1733
297.5905
297.6638
297.6072
297.5555
297.0597
298.1613
298.3446
298.1060
297.8403
299.1045
299.3777
298.6169
298.8466
297.6588
297.8413
297.5069
296.8671
297.8102
298.1106
298.2812
297.3782
299.5745
297.6492
298.4218
298.5355
297.5640
298.6577
297.6608
298.5195
296.8969
298.0794
297.7730
298.3352
297.7633
297.7174
298.2744
298.5382
297.5897
299.0736
298.3215
299.0253
297.6457
298.4535
298.8098
297.9094
297.6365
298.1005
297.6917
296.7063
297.8113
297.8658
298.7889
298.0717
299.5235
298.5800
298.2111
298.3086
297.6889
297.5887
297.8129
297.4445
297.4127
298.4757
298.6867
297.5996
298.3698
298.4401
296.5442
297.5003
298.0045
298.8957
297.8601
297.3255
297.4246
297.9645
299.7303
298.4623
298.9380
298.6748
296.9727
298.3048
299.1135
298.4782
299.0506
298.5413
298.0089
297.7439
298.8355
298.3989
300.5168
298.8635
298.8866
297.0387
298.4161
297.4780
297.5073
297.9311
297.2509
297.6591
296.2555
297.1259
297.2924
297.0562
297.9625
298.4146
296.6829
298.0844
298.0184
298.4342
298.0033
298.0614
298.3948
298.1446
297.8356
297.4851
297.2841
296.6428
297.8226
298.8040
296.5964
297.4881
298.5424
297.2111
296.2408
298.2261
296.7779
296.6507
298.7520
297.5953
298.5105
299.7626
299.0058
298.8725
299.7947
298.3670
298.3162
298.9338
298.4857
299.4689
297.9571
298.9975
297.1729
299.5217
296.5981
297.8271
297.3044
298.0446
298.1317
298.1118
298.5363
297.4401
298.0857
297.2114
298.6872
298.1804
298.1953
297.9921
298.3929
297.3969
297.6548
299.2945
298.3961
297.8000
297.3632
298.8577
298.4063
298.4145
296.8722
298.8302
297.1874
299.9336
297.6921
299.0298
298.3424
298.8419
298.4787
298.6836
298.2089
297.2559
298.1724
298.4763
298.8081
298.4713
298.6286
298.2759
298.5779
297.4539
296.9593
298.2902
298.3950
298.1453
297.9358
297.5157
297.7353
296.4854
298.0753
298.7847
298.7599
298.7633
298.9554
297.4975
298.9990
298.9007
298.4942
297.0111
298.3657
297.8457
298.7841
299.7891
298.3123
298.3933
299.2549
300.0645
298.6763
297.5828
298.4993
298.8279
298.0955
298.5030
297.8766
298.8914
298.1975
298.4418
300.6926
298.5490
298.2444
299.4422
299.5665
299.7103
299.4129
298.8380
298.2380
297.2254
297.6569
297.6446
298.7257
299.0092
298.6047
298.9373
299.2602
298.6674
297.9431
298.0879
297.4266
297.9434
298.4054
299.4816
298.7943
298.9684
298.2903
297.4923
298.8235
299.6239
297.4523
299.1879
298.0254
298.8142
297.2523
298.6159
299.3246
298.2904
298.8185
297.4567
299.2183
298.3391
298.1572
299.9812
297.3302
297.9504
297.3891
296.9774
298.0084
297.2727
298.1948
297.6785
298.0454
298.0802
296.6168
296.4459
297.7331
297.9080
297.7644
297.8683
297.5223
298.2591
298.6382
297.6290
298.6715
297.9523
298.2780
298.5215
298.0046
299.0834
299.2615
297.9646
298.0361
297.5338
298.6913
297.5934
298.7016
297.9218
296.7492
299.1066
298.4208
298.2046
297.5079
297.2629
297.7889
297.3378
297.3445
298.5773
297.8211
297.5538
297.8598
297.8608
297.4651
299.3723
298.9624
298.5508
299.2015
298.2143
297.6379
298.6123
297.8377
296.8515
298.8291
297.6764
297.7622
297.7335
297.5136
297.9653
298.1009
298.0382
299.4091
298.9864
298.8640
297.4623
299.3343
298.4088
298.1832
298.0628
298.5584
298.8385
300.2159
298.2499
297.3922
296.8011
297.6204
297.2551
297.4766
297.0788
299.3250
298.2085
298.0393
298.4479
300.7484
298.8109
299.2065
298.2741
297.6740
298.7641
298.7935
297.0160
299.2252
298.3551
299.3829
299.2692
298.0199
298.3754
299.8413
299.6869
298.1870
298.0155
298.3306
297.7667
298.4241
298.2604
298.5425
299.4388
297.5601
298.0010
297.6599
299.0772
297.6899
298.1921
297.7021
297.4652
297.9382
296.7813
297.7764
297.3589
298.4004
297.7201
297.5397
298.0604
297.5337
297.4797
297.9251
298.4486
296.8198
296.9188
295.5086
297.6233
296.2637
296.5405
296.2731
297.5931
296.6111
296.4884
297.1359
295.9889
297.7155
297.6431
296.9849
298.0017
298.2845
297.3884
299.5998
298.0726
298.4608
296.8906
298.4618
297.9065
296.8790
298.3145
297.8840
298.0950
298.8375
297.8760
297.3952
298.5301
298.5805
299.5022
298.6377
298.3802
298.4507
298.4803
298.9332
298.6273
299.2510
298.2188
297.9190
298.5106
298.9555
298.2232
298.6832
297.8957
297.0780
297.8441
298.4228
296.9146
298.4372
297.4194
297.8427
298.0181
297.0971
297.4403
297.7570
299.0059
299.4366
298.5248
297.9081
298.1031
297.7262
298.5894
299.4742
299.4381
299.1211
299.2585
298.0375
298.8034
297.9491
298.2402
298.4051
299.0162
298.2171
298.8505
298.0666
297.8786
297.6786
296.5133
297.5830
297.4830
297.3344
298.5879
299.1858
298.5072
297.4122
298.7489
298.7752
297.7804
298.1422
298.1529
299.8891
297.5672
297.9924
298.2734
298.4237
297.8238
299.8704
297.8755
297.9143
298.5105
299.5523
299.3282
299.1754
298.8225
299.0777
299.9379
298.9175
298.7436
299.3679
298.5245
298.4577
299.6580
298.3426
298.3736
299.1272
297.4507
298.0617
299.1397
297.1176
297.7420
298.5252
297.1560
299.4729
297.4924
297.9587
298.0164
297.8183
298.3979
298.5311
296.3526
297.6426
298.6119
296.9353
297.0646
297.8120
298.2814
297.0100
298.4845
298.1272
297.7209
297.9010
298.8767
298.4293
298.3107
297.5553
298.6731
297.1444
298.4953
297.7496
298.0292
297.6228
298.5738
297.3839
298.9672
298.6333
298.8294
298.7371
298.7075
296.6330
297.9445
299.5672
299.7104
297.6225
298.2973
296.7710
297.3822
298.1539
296.9919
299.2773
298.3953
297.9108
297.2988
298.2154
298.1096
297.9161
298.3243
297.5841
296.8943
298.7085
298.3697
298.6913
297.9750
297.3133
298.0134
298.8542
297.0329
297.5684
297.1183
297.6185
298.0416
297.0639
298.3571
298.2839
297.6622
296.9870
297.8915
297.2825
297.4845
296.8202
298.7035
298.4945
298.3129
297.6460
298.1581
297.2358
297.1698
298.0705
298.8305
298.1491
298.5478
298.5598
297.0846
298.6104
299.4358
298.0560
298.3833
298.0626
297.4547
298.1293
297.1776
297.1019
298.1017
297.7185
297.0427
298.4004
297.6373
299.8909
297.5573
296.9838
298.2480
298.4959
297.7075
298.0508
299.1582
298.6079
298.7297
299.0765
298.0065
298.4171
299.3269
298.2931
298.5638
298.6464
299.6133
299.1250
298.0912
298.7992
298.7223
298.2410
299.7938
299.2547
299.6221
299.3298
299.7545
299.7806
299.5591
299.2125
299.8483
298.4511
299.7021
299.4597
299.9551
298.8727
297.2594
298.7271
298.6673
298.3044
298.4438
298.8183
298.4146
297.0915
297.4901
299.1466
298.4301
299.0459
298.4122
296.7308
298.4190
297.8420
297.7586
298.1173
298.6404
298.5489
297.6428
297.8573
298.4333
297.5533
298.7563
299.6933
297.9934
297.6856
297.6562
296.8680
298.9015
297.8764
297.8203
297.6518
297.6922
298.3855
298.5060
296.5182
298.5893
296.3477
296.8856
297.2026
295.9788
298.2643
297.2182
298.2877
297.2569
297.6538
296.0934
298.3662
296.5844
298.0235
298.4021
297.4822
297.7827
297.5245
298.3306
298.8011
299.3660
297.5100
297.6159
298.9010
299.7799
299.1752
298.8067
299.8073
299.2880
299.3090
299.4563
299.7727
300.0895
299.8374
299.6380
298.2616
298.4338
297.7692
299.7417
298.7520
298.5762
299.1269
298.6233
297.8550
298.6559
298.4595
298.6452
297.4845
297.5956
298.2333
298.6379
298.1172
299.3177
299.0074
298.6084
298.1757
297.9544
298.7351
298.8469
297.6620
298.0889
298.3158
299.0808
297.8875
298.1684
299.3934
298.9590
299.2989
298.4046
298.6032
298.6098
298.3104
298.3987
299.4332
297.9117
299.7285
298.8769
299.8210
299.3443
298.7303
298.2511
298.1659
299.0044
297.6627
297.7237
297.5940
297.7846
298.4725
299.0390
298.9769
299.8984
297.0791
299.6286
299.3475
299.6238
299.3136
298.4207
298.1564
298.9278
298.9791
297.0102
298.7022
298.6467
299.4551
299.1133
298.1635
298.9907
298.5992
298.9925
298.4943
297.5747
297.8255
296.7937
298.6548
298.6377
297.5270
298.3465
298.6725
298.4060
299.2353
299.0743
299.2069
298.7315
299.0703
299.0899
298.9757
300.1392
299.0325
298.8817
298.5705
299.7487
300.3795
298.9619
298.7186
299.0468
298.7926
298.0797
297.5880
298.1243
298.9928
298.7671
297.2500
297.6150
298.1907
298.3213
297.8030
298.6702
297.9932
298.2772
298.6822
297.9351
298.7021
297.2115
296.7732
297.9487
297.0580
297.7290
297.4230
298.5103
299.3626
296.6644
298.0136
297.1703
297.4924
298.3521
297.8749
297.6997
297.6966
297.2454
298.4217
297.9875
298.0999
299.5655
298.0604
298.6458
298.3064
297.6470
297.9152
296.9553
298.1974
300.0939
298.0909
299.1535
298.3794
298.0005
297.2909
298.5393
298.5764
296.7162
299.7199
299.0735
298.1786
297.8558
298.1322
298.2112
299.1106
297.6056
297.7143
297.8554
296.2631
297.5405
297.4718
298.8166
297.4665
299.6122
298.5759
298.5673
296.9104
298.0710
297.8915
297.5726
298.1662
296.2369
297.3252
296.9268
296.5759
297.0358
298.0052
298.3041
297.9458
298.0147
298.1602
297.5128
298.9115
298.3738
297.6389
297.9754
297.9483
298.3060
296.4105
297.9599
297.5290
299.1685
298.3062
297.7213
298.4252
298.5156
299.7406
297.9973
298.7488
298.5604
297.2108
298.5322
297.4742
299.6008
298.4428
298.9174
298.9092
299.0164
298.7452
298.7990
298.2002
297.7276
298.9306
297.8887
297.6377
298.4275
298.9135
299.3559
299.2865
300.1983
297.6555
298.9954
298.9986
298.7470
299.6051
297.8508
298.5007
297.9022
297.1345
296.9519
296.8074
298.5213
299.0872
297.1461
298.1153
297.7281
298.8246
298.0695
297.2881
297.5408
298.2369
297.3481
297.7885
298.2224
298.2499
297.9288
298.0084
297.8308
299.1448
297.7982
297.9869
299.6102
297.5705
297.7715
297.9503
297.5729
298.6521
298.1432
297.8107
296.8906
297.5605
298.0500
299.2870
299.9001
298.7590
298.9239
299.0444
299.6738
300.1258
299.8111
298.0507
298.1806
298.5490
298.1252
298.3538
298.1625
298.0885
297.7835
298.4857
297.4976
297.9862
297.4134
297.4555
296.5338
298.1023
298.1088
299.7256
297.8874
298.6758
298.8840
298.2946
297.9281
297.8602
297.4581
297.3947
298.0916
297.8430
297.8282
297.5678
296.9884
297.5413
297.4156
296.8464
297.2791
298.2787
297.3386
296.9958
296.7885
299.2390
298.3343
297.6572
299.0434
298.0611
298.4798
298.9317
298.0897
297.4359
298.1182
299.0500
298.6726
298.0142
298.4796
298.2310
298.0487
296.9836
298.8275
296.4386
298.4744
298.8100
298.0590
298.5162
298.3934
298.4533
298.6318
299.3728
297.6594
297.8778
298.9322
299.0581
299.1578
298.7722
298.4997
298.1546
299.3790
298.8305
298.3181
298.1912
299.1758
298.1575
299.0874
297.9861
297.8302
298.2660
298.4272
298.6026
299.0855
298.8767
299.1228
299.1143
299.8299
298.2527
299.6513
299.4019
299.8870
299.0802
298.0204
299.6069
299.7044
298.7025
297.9642
298.8553
298.4106
297.9769
299.0758
298.2253
296.9612
296.7009
298.8391
296.9386
297.6131
296.7333
296.7930
297.6794
296.3443
296.4448
297.0230
297.1622
297.6157
298.8210
296.7140
297.9387
299.1816
298.6684
299.7062
299.9274
299.1781
298.7321
297.9451
297.7680
298.2848
299.1525
297.9839
298.2152
296.5673
297.7222
298.7196
297.7610
297.1394
296.6909
297.5633
298.8787
297.0666
297.9053
296.4828
296.7700
296.9265
297.0485
297.1864
298.5912
298.2077
296.8871
298.2791
297.8829
297.3701
298.0039
297.9048
298.5142
297.4678
297.8832
297.8136
297.6832
297.7749
298.0482
297.7234
297.0768
298.3239
297.2614
297.7726
296.2995
296.9022
298.3082
298.0748
298.3310
296.7346
297.3447
297.4368
298.6815
298.8478
298.6885
297.9101
297.6615
296.6265
297.3034
298.9577
297.4888
297.2612
298.8402
297.8939
297.0731
298.1408
298.1833
297.6794
297.7626
297.4327
297.4083
299.3379
298.2909
297.6034
298.8594
297.9094
298.2016
298.1501
298.0068
297.9159
297.8977
298.6684
298.6840
297.6873
299.0884
298.3190
298.0458
298.6384
298.5312
298.5798
299.0002
299.2512
298.1474
298.4713
298.7775
296.6288
298.5484
297.9826
298.5245
298.1745
297.0939
297.5640
298.8769
297.5336
298.0109
296.6348
298.7890
297.2884
298.0091
298.1834
297.5514
297.4904
299.3626
296.9214
299.3448
298.2198
297.4008
298.6180
298.0143
298.1119
298.7761
298.6306
297.9913
298.7883
299.2637
298.2165
299.5669
298.8077
298.9184
298.2234
298.4673
297.9424
297.3799
297.0650
299.4282
298.3209
297.9447
297.4083
298.6861
299.4135
298.5186
297.8691
299.6810
298.9477
297.9531
297.3812
298.2058
298.0578
300.0142
298.9083
298.6638
298.2324
298.7325
297.8869
300.0683
299.6856
298.9677
299.5560
298.3481
298.8628
299.0141
297.4587
297.9076
299.0952
298.9175
297.1204
298.5677
298.2997
297.3298
298.0890
298.1446
299.0716
297.5867
298.0406
297.6106
298.1118
297.8750
299.1025
297.7270
299.0769
297.5083
297.9382
299.3142
299.5248
297.9855
298.0366
297.3436
297.7583
298.0252
297.1595
298.2245
297.6736
297.8371
298.6312
299.2382
298.0157
299.1922
298.3355
298.4652
297.4887
299.4410
297.9987
298.2835
298.8970
299.6432
297.5499
298.1960
297.8325
298.9715
298.5339
299.2766
297.8019
299.0248
298.8895
297.3977
298.2561
297.9842
298.5472
298.2154
298.7741
299.1268
298.1240
298.1849
297.2978
299.2233
297.9522
297.8928
298.1895
297.8278
298.8586
298.7459
296.8779
299.2256
297.6462
299.1585
297.1141
297.3333
298.0966
297.8114
298.4946
297.4802
298.1582
298.2444
297.7587
298.4527
297.0948
298.9970
297.2636
297.9523
297.5736
297.6042
299.1190
299.3184
297.2889
297.7787
297.8415
297.9642
299.1109
298.3705
298.1387
298.6460
298.7992
297.0901
298.5341
298.0824
298.2537
298.2836
299.0696
297.8237
298.6838
299.4926
298.0824
298.4131
297.5170
297.8992
299.5218
298.3585
297.2048
299.4155
298.9142
299.4078
297.7946
298.9220
297.5673
298.8819
297.0210
298.9965
298.7618
298.7303
298.4236
298.4443
298.5479
298.2926
297.4116
299.5144
298.9897
297.8533
298.3659
298.9438
298.1358
298.4038
297.9778
297.7637
298.0343
299.1012
298.3533
298.6349
297.9612
298.5165
298.6042
298.5595
298.5344
299.9410
298.9989
298.9254
298.9821
299.2257
300.0891
299.5850
298.8605
298.5748
299.8737
300.0385
297.7531
298.4540
298.8182
299.1642
298.2574
298.9310
297.9509
298.9501
297.7658
298.1742
299.2647
299.2524
298.0302
297.5889
298.3680
298.0092
297.0448
297.8630
296.4699
297.1110
298.5903
297.8284
297.5566
298.4217
298.4855
298.1674
298.0403
296.4426
298.9926
298.1421
297.2504
297.0574
298.2573
297.5155
297.5844
299.1081
296.9650
298.2157
299.2057
297.3272
297.5695
298.4861
297.4930
298.8204
298.7603
298.9492
299.0650
296.8586
297.7953
297.9520
297.3846
297.4957
298.2670
298.9683
297.7159
298.4745
298.9002
297.0229
298.0513
298.2008
297.9890
298.9148
298.1090
298.2845
298.9184
299.5476
299.8613
298.7602
297.8652
298.1705
298.5972
298.9299
297.9150
297.6121
297.2678
296.9953
298.3795
296.5821
296.7384
296.5542
299.3466
297.4118
296.7603
298.1715
297.5353
297.3557
296.9666
298.5859
298.9205
297.3806
297.1337
297.2219
296.7499
297.9374
297.1284
297.9807
298.1911
297.0353
297.3389
297.7791
298.5478
296.8993
297.8515
298.4141
297.3659
297.3935
298.1771
298.2106
297.9565
298.0514
297.5645
297.0960
299.5250
299.0411
298.1379
299.4563
298.4985
298.0758
299.7529
298.3033
299.4917
299.4714
298.4732
298.6572
299.3534
298.7810
297.9731
298.3332
298.2748
298.4122
298.5919
297.3397
298.6161
297.6734
298.5760
299.5347
297.8289
298.6683
298.9390
298.3819
297.7586
298.3332
298.9754
298.4790
299.6130
298.1314
298.0222
298.2550
298.2283
299.1111
298.8181
298.2209
300.1302
300.8096
299.0896
298.6084
299.4428
299.1122
298.1880
299.2329
297.4661
297.8793
298.9289
298.7940
298.1020
299.8538
299.0019
298.8202
298.1195
297.0401
297.8410
298.3119
298.3092
297.8810
297.2077
297.6497
297.9524
297.5503
297.3458
296.4125
297.1397
297.4401
296.5763
296.2562
297.6411
298.6326
298.3477
298.6832
297.0332
297.8738
297.5315
297.8184
297.1653
298.1706
297.1641
295.8963
297.0551
296.6650
297.0970
297.3081
297.6429
297.6684
297.2680
297.8281
297.5392
297.5507
298.2508
298.7427
298.7071
298.9344
298.0614
299.2445
297.0546
299.3538
298.9259
297.2392
298.8839
298.5715
299.0591
297.7369
297.6070
298.9846
298.4328
297.2783
297.2412
298.5113
298.2677
298.1703
299.1371
299.6852
299.8531
298.9711
298.3827
298.0508
298.9589
298.0446
298.2565
297.9983
298.7492
297.9318
298.2605
298.5910
298.3745
298.3824
298.4147
297.9792
298.7412
297.4182
295.7959
296.9526
297.8586
297.5433
296.8456
298.4110
298.9030
298.2260
297.2211
297.6414
297.3719
298.3989
299.0847
297.9174
297.8078
297.7792
298.6620
298.0129
297.4706
297.8330
297.5374
297.7385
298.0652
298.4282
298.1423
298.0152
297.0792
297.5467
298.1948
299.0228
297.7506
298.4911
299.6478
298.7913
300.1515
298.6714
298.2574
298.1538
300.0611
298.7177
298.5655
298.6022
299.5164
298.4494
298.4127
298.4042
298.6250
298.6449
297.7369
297.8942
299.3030
298.3866
298.2137
299.5342
297.2427
297.5114
297.4789
297.5767
298.1498
298.3246
297.9124
299.7055
297.5805
298.8513
297.6649
298.2952
296.7439
298.5536
296.7239
298.6836
298.1634
298.1382
297.3452
297.9699
298.8387
298.5423
298.9913
298.4540
299.1371
298.7735
298.1596
298.7836
298.4106
298.6182
297.8499
298.6417
299.1160
299.2723
299.6380
298.8338
299.1599
297.5237
299.2990
298.3882
298.5936
298.1801
297.9275
298.2001
298.5010
298.5291
298.6288
298.4979
297.8965
299.3800
299.0768
299.9227
299.4068
299.3898
299.3583
298.5593
299.0265
298.8347
297.7922
298.8217
299.1328
299.3345
298.1858
297.6816
298.1625
298.0802
297.5178
297.9477
298.9616
298.3614
297.8844
299.5111
298.7395
298.8492
300.5046
298.3981
297.8958
298.8351
299.9480
297.3469
297.4048
297.5268
297.9799
298.3430
297.7252
297.0466
297.8062
296.5770
297.8821
298.7601
298.6133
299.2701
297.8527
298.4806
299.2975
298.6676
297.2383
297.6262
297.4005
296.9067
298.2041
296.8474
297.1896
297.5952
298.0359
298.3588
296.8457
299.5250
297.7902
297.4735
298.9367
298.1382
297.2074
297.5237
298.3548
298.0476
298.0589
296.9331
298.4672
298.5532
298.0912
297.3159
298.1226
296.9022
297.7282
297.4310
298.7425
297.6856
298.2297
297.9683
298.4777
297.5498
296.6633
299.0001
298.3319
298.2620
299.1133
298.8791
298.8248
298.5339
299.2679
298.6860
297.8454
299.6682
298.5489
298.4439
297.6324
297.8473
298.5300
299.6070
298.0663
297.5650
297.9680
297.8707
297.8180
297.6845
298.4113
298.5980
298.3611
299.0276
298.7917
298.1210
299.4438
297.7013
298.3377
300.2477
298.5436
298.2132
298.0272
298.8414
298.0468
299.8431
299.0406
298.7308
299.2894
298.7105
297.6570
299.0868
299.1377
300.0520
298.7302
299.3832
299.3242
299.5384
298.5699
299.8444
298.0014
298.2509
298.2896
298.7404
298.0103
297.7138
298.3834
298.0953
297.4251
297.4332
298.4542
298.2400
297.9250
297.9842
297.8027
297.3760
297.6788
297.7653
299.3070
297.5109
298.4967
298.6839
297.6182
299.5216
298.5823
296.5400
298.4707
297.5267
296.7622
299.4292
297.7504
298.0347
297.0477
297.9200
298.1893
297.0080
297.4277
298.4047
297.5093
299.8075
298.8979
297.8558
298.7127
297.8938
298.0587
297.7994
297.8511
298.9371
299.9330
299.2132
298.5292
298.6556
299.4616
298.4940
298.8474
298.8014
298.7356
299.3927
298.1999
298.2359
299.4167
299.1211
298.0122
299.0251
296.8003
297.5552
299.5227
298.0979
298.6737
298.6181
299.0801
298.1088
298.1936
297.3557
298.2322
298.4034
297.7948
297.4892
297.4533
297.7795
298.0765
298.3685
296.5460
298.8400
298.5368
297.6543
297.4058
298.1718
297.0824
298.4621
297.9085
297.4774
298.0807
297.4521
297.9086
297.8917
297.8133
297.7778
297.7140
297.4737
299.4784
297.4566
298.0645
298.2963
298.9617
297.6447
299.1622
299.1240
299.0176
298.2270
298.7486
299.4592
297.4320
296.9758
297.9746
298.0613
298.3212
298.2591
298.4194
297.7585
298.7161
298.0619
298.4964
297.1455
297.6957
297.9749
298.0040
298.6635
298.5505
298.0642
297.3169
297.2274
297.5996
298.1563
298.0335
298.3370
296.3517
298.4969
297.3373
298.4254
299.4322
298.3227
298.0321
298.6720
298.5815
298.9458
298.6316
298.8643
299.5345
297.6475
299.3218
299.1261
299.7616
297.7443
297.8580
297.6403
297.7719
297.8235
298.0597
297.2265
299.2683
297.2703
297.4146
297.5208
297.8060
297.8513
297.3576
297.4960
298.1162
297.4507
298.0234
297.7726
298.0433
298.1263
297.7872
297.7179
298.3092
297.7174
298.0271
298.4151
299.6314
298.7291
298.4495
299.3742
298.6602
298.4414
298.3477
298.0460
298.2949
297.8498
298.1608
297.4659
298.1123
298.6280
297.8076
298.1744
296.6306
297.3301
297.2965
298.6488
298.6425
297.6112
297.8135
298.1720
298.2235
298.0081
298.3101
297.8089
299.2975
299.6128
298.9770
298.2492
296.9521
297.4187
297.4813
297.8881
298.5202
298.8316
297.7292
298.2975
296.9144
298.6071
297.1870
297.9724
297.9895
299.5994
298.4349
299.6465
298.9196
297.7977
296.8492
298.1000
296.7794
298.6722
298.2856
298.4606
298.4449
298.7323
298.1845
298.3566
297.7583
298.0924
298.3614
298.6068
297.4104
298.3039
297.8879
297.8581
298.0521
297.7969
298.2267
297.0780
297.6790
297.2229
297.0005
297.8812
298.3057
296.5746
298.6501
298.9137
298.1106
298.4285
299.6139
298.9947
297.3017
297.5878
298.5524
297.5342
298.4442
299.4039
298.3429
298.9208
299.3935
299.5550
298.1689
298.9763
297.9982
300.0019
298.4820
298.5479
297.9438
297.1701
297.7587
298.4550
297.0121
298.2153
297.8064
298.3939
297.8856
298.6513
298.1447
298.3721
298.1364
298.5761
298.7372
298.5302
298.8134
299.0441
296.4297
297.5827
299.2117
297.5608
298.2487
298.6890
297.5636
298.2785
297.4694
298.1748
298.0889
298.3008
296.9615
298.6360
298.2519
297.8275
297.4165
297.7476
298.0251
298.5677
298.3967
298.4282
298.8023
297.2960
297.7826
298.4595
297.6973
298.2729
298.8620
298.8743
298.3391
298.6905
298.6506
297.7364
297.9137
298.3558
297.5237
299.0314
298.2613
298.2929
297.4872
297.3091
298.1180
297.2258
299.2124
298.9624
297.5497
298.1090
296.9447
298.5670
297.7801
297.1682
298.2075
297.3666
297.9037
297.2956
297.8389
298.2744
298.5770
298.6530
298.3353
298.0702
297.4338
298.4770
297.6773
298.1787
298.2403
298.9219
298.0528
298.6203
298.1499
296.9822
297.7889
297.7068
297.6150
297.9997
298.1752
297.4723
298.0294
296.8123
297.6820
298.6711
296.1653
297.5832
298.4122
298.0730
298.9767
297.8629
298.4451
298.2484
298.6856
298.8578
297.5644
298.2744
298.6119
297.8716
298.8477
297.1957
297.8709
297.9397
297.9792
296.0283
298.5312
298.0458
297.4961
297.5421
298.5450
298.1834
298.7549
298.1575
297.0807
299.8724
298.7599
298.3026
299.1070
297.6200
297.4577
299.4167
298.9643
297.9743
299.5367
299.0930
299.0254
299.3156
299.1116
299.7485
299.6752
298.3050
298.9770
299.3662
298.7922
298.4343
300.0630
298.3311
298.8882
298.3993
298.5833
299.0087
298.6362
297.9662
299.2593
297.4955
297.9694
298.2073
298.5085
298.7095
297.8906
297.5306
298.1186
298.1030
298.9471
299.9856
298.4125
298.7150
299.1743
298.2210
298.4853
298.3653
299.0244
298.8313
298.8708
298.0309
298.1302
298.8420
298.6084
298.0224
298.5058
298.6247
299.0805
298.8941
297.4043
298.0033
299.9152
298.3281
296.3354
298.6344
297.8272
297.7669
296.8401
296.7203
297.6200
298.1142
297.7059
296.7223
298.0526
297.8222
297.9814
298.2994
297.5161
297.3951
297.8321
297.9858
297.6447
297.2147
297.5629
298.9915
298.2572
296.9511
297.5918
298.1075
297.5296
298.5545
297.7062
298.2875
298.0678
297.8411
297.7316
296.7913
297.7874
298.2190
298.0820
297.3124
298.7290
297.4987
298.4172
296.9668
298.3817
298.6607
297.6468
297.0297
298.0560
298.6770
298.9866
298.5700
298.1371
297.6342
298.4825
297.8448
298.7240
298.7460
299.6490
298.2825
298.1900
297.9743
298.7003
297.6462
298.1785
297.7128
298.9254
297.3887
297.4720
298.4537
297.5836
297.3158
298.1654
298.0676
298.3038
297.7843
298.1469
298.3456
297.7914
298.5101
297.0535
298.5085
297.7633
297.8515
298.4357
297.5986
298.8029
299.2998
298.8227
297.9219
297.1177
297.4261
298.4906
298.5610
298.6695
297.5992
299.2525
299.6086
299.3752
298.4708
297.9664
299.2870
298.6700
297.2426
298.4640
296.7403
298.1920
297.6044
298.6326
298.7053
298.4863
298.0993
298.1376
297.5781
298.0638
299.3276
298.1094
298.8406
297.9836
297.0723
297.9628
298.2058
298.8162
297.5485
297.4568
298.0557
296.8254
297.5356
298.0914
298.2228
297.9757
298.4182
297.8470
298.4624
297.7927
297.8024
298.3107
298.2030
298.7938
298.8733
297.8938
297.3642
297.4583
297.9208
297.7815
297.9062
298.3520
297.3985
298.4753
298.4314
298.7185
297.4080
296.9182
296.7595
298.8997
298.6820
298.9097
298.0664
297.8959
298.3679
298.1676
298.7784
297.2839
299.9082
298.6841
300.2711
298.1652
298.8860
298.7246
298.9392
297.9052
299.2864
297.7159
297.8337
297.8236
298.3260
297.9339
297.2109
297.3433
297.5752
297.1787
298.0116
296.9251
297.9135
297.1213
298.0170
297.7532
298.2636
299.5437
298.1394
297.6259
298.8831
296.7924
297.2610
297.5275
298.8677
297.2956
297.0813
297.3698
297.4497
297.9909
299.0712
298.4009
297.7956
299.2550
297.9778
297.7687
297.5055
298.3708
298.5869
298.0503
298.9060
298.4674
299.3163
297.0353
298.1622
297.6138
297.6675
297.1727
296.9874
297.1288
297.2296
297.3887
298.4035
299.0296
297.8151
298.3279
298.1970
298.3963
298.1890
298.7232
298.8393
298.7533
298.1163
299.6365
299.7756
298.2492
298.8788
298.0859
299.5937
298.4096
297.8700
297.8284
297.5507
296.4248
297.6697
298.7445
298.1962
298.7291
296.9746
297.7229
297.2506
298.2097
297.3105
296.7857
297.3394
298.4129
298.2862
297.6692
298.6444
297.3589
297.7530
299.4888
298.5934
298.2908
298.0299
299.5642
299.7729
299.1866
299.2654
298.1595
298.6763
298.2240
297.9932
298.1071
297.8925
297.6735
298.2341
297.5331
298.4153
296.6540
299.3469
298.5347
298.9626
299.6685
298.4257
298.2126
298.5690
298.9415
298.9474
297.2174
297.5421
298.8813
298.8530
298.2687
298.1563
297.9187
298.3588
297.2392
298.1002
298.2997
299.3508
297.5917
299.5006
297.4120
299.4048
298.9885
298.7277
298.4936
296.7740
297.9558
299.7416
297.6007
297.9065
297.7200
297.6641
297.7315
297.5012
297.0316
297.8282
297.6494
296.6233
297.9396
297.9252
298.6122
297.9426
297.3902
298.5911
298.5265
298.2104
297.9311
297.7252
298.1792
297.5430
298.1506
298.2865
297.6800
298.1163
297.6182
296.4139
297.1681
297.2319
298.8995
298.7285
297.9755
297.8173
298.6234
297.8114
297.3674
297.7046
297.9768
295.7711
297.5730
296.8811
297.2273
297.8978
297.4524
296.7960
297.1867
297.7161
297.6912
296.9369
297.9162
298.5844
298.0852
298.7128
297.7500
298.1539
297.8078
299.0249
297.4421
297.8663
298.5727
297.8256
298.1158
298.4359
297.8830
297.3676
297.7660
297.9266
298.9454
298.7721
297.8768
297.7773
296.0293
296.4717
297.5320
297.7349
298.3793
298.4819
298.9059
298.5097
298.0868
298.2399
298.3374
297.8033
299.2811
298.7149
298.4005
299.2383
299.6320
298.0009
298.5466
298.9554
298.6300
298.6164
299.3005
298.5753
299.8905
299.8977
299.5603
299.8257
298.4487
298.8820
298.8641
298.2300
297.6838
299.3663
299.3283
298.5656
297.8135
297.3003
298.4774
297.6442
298.5067
296.6011
297.4646
297.9858
298.0804
298.7059
298.7190
297.6588
298.1069
297.3416
298.5409
296.8567
298.7173
297.9431
297.6665
297.0008
298.0722
298.2899
297.6818
297.5930
296.6055
298.1172
299.6074
298.4184
298.1759
298.2606
298.0836
298.1062
297.5115
297.3373
297.5362
297.7348
299.1741
296.1730
297.3745
298.6054
298.1733
298.3393
298.0023
295.9773
297.0067
296.6965
298.7187
298.2912
298.0535
298.6145
298.0412
297.1991
298.5996
300.0957
298.8532
298.9045
298.8772
299.0056
299.1494
300.1775
298.5555
300.0026
298.0588
298.3321
297.3828
297.6598
297.5215
298.5447
296.7921
298.2707
297.0061
297.7045
298.5571
297.5460
296.3307
296.0708
297.3565
297.4894
296.7672
297.8270
297.4611
297.2948
297.8025
297.9158
297.7357
297.5289
298.7667
297.5270
297.8842
299.6601
298.8341
298.5738
298.2781
298.2973
298.0891
297.2020
297.6007
297.1471
298.3122
298.1071
297.3646
298.8381
298.7455
298.5740
298.5510
297.8933
299.0621
298.8452
298.3710
298.6878
298.9041
297.0737
298.0036
298.4977
297.9833
297.9397
298.8643
298.8205
297.8065
299.0847
297.9102
298.9071
296.6848
296.2947
299.2542
298.0861
297.4519
296.4362
297.7761
297.8259
298.8449
298.0976
298.2243
299.8299
299.0476
298.9835
298.6981
298.5698
298.0962
299.3486
299.4620
298.6412
298.7026
300.2080
299.6040
298.9593
297.8520
298.8195
298.3583
298.0741
298.9933
298.2295
297.1978
298.0831
296.9777
299.2062
298.1622
299.7347
299.4773
297.9184
300.0807
299.1206
299.8725
299.3773
298.3680
298.0463
299.5960
297.4208
298.6947
297.6454
297.9751
297.8835
298.4473
297.9274
298.0527
298.3844
298.3065
297.1947
297.5974
296.8521
297.8480
298.5924
